(0.4717959151803317, 0.73392632116027356),
(0.97438460099530633, 0.22390683482721807),
(0.7173996638991158, 0.98426333270859945),
(0.22249576726090525, 0.47365116481225888),
(0.050318747972993703, 0.79875922373440167),
(0.56193019300538616, 0.3176295373437954),
(0.85898487838890181, 0.50343604872046832),
(0.25908922953566793, 0.10829411346362393),
(0.31614965698439718, 0.89146745857690857),
(0.75166628952370307, 0.37654192151923049),
(0.62268231345469305, 0.62931772554600018),
(0.10150442916264762, 0.12858557991100031),
(0.12751574094865822, 0.62471783722833141),
(0.63003831866080606, 0.054910414882237565),
(0.87984214094279078, 0.86727395655216344),
(0.3773920863362209, 0.26421946819608055),
(0.31113439386339836, 0.56096922730631849),
(0.83911545544212918, 0.09184238174969063),
(0.52488378686021231, 0.7811462820286712),
(0.029351193180426938, 0.37306734393994823),
(0.18836731737929144, 0.96143041178951427),
(0.71913906657309923, 0.46859272853136924),
(0.94039574278045679, 0.69211110611312199),
(0.46820326918321692, 0.19035665167994786),
(0.42018144045473993, 0.84012902569192016),
(0.91248344968565531, 0.31189586110990114),
(0.68552376737870269, 0.56569571139077479),
(0.15831340299102289, 0.029622074088207488),
(0.062561541362258943, 0.6864181463605491),
(0.59368987882549995, 0.18051542109876004),
(0.78725914789259432, 0.9107109326352365),
(0.37341171975999804, 0.4193030158707316),
(0.3581622744125979, 0.65554885218723014),
(0.79750037111170247, 0.15523913917318802),
(0.577658651247553, 0.8900603036688407),
(0.091328357140853231, 0.40491444017637124),
(0.17192927718763645, 0.84475188426447234),
(0.67067482736444028, 0.27286715749637269),
(0.9232248401933687, 0.59414606547340676),
(0.42218851080778935, 0.031532800091219157),
(0.45247264710191615, 0.98674966776860995),
(0.96833745156601647, 0.48439473692632234),
(0.74613430341529696, 0.74926413386448443),
(0.20329046999539135, 0.24865886778586771),
(0.015277019438354704, 0.52905477121885147),
(0.51110603871286298, 0.11083521858789729),
(0.8268091447914161, 0.79257954081055348),
(0.28341382071134152, 0.33978705405955606),
(0.40585997276033203, 0.57821468846001634),
(0.90341717795948351, 3.635545321497896e-05),
(0.65502319123862163, 0.81409860522522881),
(0.14108573676422154, 0.29684252340936079),
(0.11109278529092369, 0.92254964760589098),
(0.59650410474789695, 0.43720520860616846),
(0.78072006790491655, 0.6565058710031022),
(0.34262518019405008, 0.16734784357297178),
(0.27813132737835, 0.76301088645423332),
(0.85957165345123554, 0.35711594658089607),
(0.5331187502438417, 0.54434524048620769),
(0.031766215990987792, 0.062779183425333174),
(0.23454988304585311, 0.70459802267914662),
(0.70241243892778749, 0.20401568325009237),
(0.99854677145930804, 0.93868369980648736),
(0.48489570151609274, 0.44269235018357533),
(0.43595857236979008, 0.66461012017367382),
(0.9306043556201542, 0.15649981496618703),
(0.65668936970323954, 0.93051732597792858),
(0.18020611657295174, 0.42232673433858742),
(0.084827271374322596, 0.82790876200010954),
(0.56947764248451427, 0.28163611339104944),
(0.81224653473878716, 0.58686126908707126),
(0.34393493376877077, 0.0094258554638548715),
(0.29037697481738778, 0.95251834547734504),
(0.81350980362213277, 0.44536379213341082),
(0.50672153923117969, 0.71103890457132268),
(0.0074195432091314949, 0.2110639905916285),
(0.21179276871524078, 0.53897931680482458),
(0.7353522475799783, 0.070791070801462144),
(0.96068028382360859, 0.75720115425641765),
(0.44337478464961982, 0.34801496327255604),
(0.33329043850697043, 0.60891134917806711),
(0.77313743593631101, 0.039787344038571336),
(0.60926794708099452, 0.85219399047387945),
(0.11727094781545584, 0.27345459230346897),
(0.14850909355402311, 0.88263669872434269),
(0.64830463832677654, 0.39154921792697045),
(0.89137603256385234, 0.64823841220402734),
(0.39801853007695359, 0.14074765217209262),
(0.49235315280619302, 0.78745263270358878),
(0.98583224599739228, 0.32837812554474355),
(0.69452306392650665, 0.51580756728933019),
(0.24270040168427148, 0.12440306473911435),
(0.040668200941827472, 0.74081311879044121),
(0.53974097291970624, 0.23464782912248605),
(0.86720040908519991, 0.99295536784105132),
(0.2733325706735501, 0.49990106922141092),
(0.25777552884238764, 0.69577183280010768),
(0.85055865897402727, 0.20302442574958604),
(0.54709133456220815, 0.96037130794691195),
(0.055094252346059795, 0.46046077407326741),
(0.22672816628384801, 0.77218094580267871),
(0.7035228858333481, 0.36006745726113765),
(0.97665276842848492, 0.55389851715713478),
(0.47677852682412247, 0.078380112259138227),
(0.38982250505584637, 0.92163347964223163),
(0.88971054316090858, 0.41393812753749321),
(0.63926321826906751, 0.67965748662743086),
(0.14011843988436981, 0.17957311975658302),
(0.10213953424907854, 0.57095605008172912),
(0.61044412920779323, 0.016166061359233295),
(0.75826673115963039, 0.83573249610162803),
(0.32652240127943455, 0.29739331108858169),
(0.45354213109218128, 0.51556836835264541),
(0.95215304764158659, 0.094295072262863544),
(0.72704501571597924, 0.80604943627499859),
(0.20280385551278343, 0.32742049048308414),
(0.023268133753469315, 0.97600646049030348),
(0.52282160899456009, 0.48353700840520869),
(0.8335244922550874, 0.71890937674768363),
(0.29690039701358717, 0.22781251346983564),
(0.36632613752826526, 0.86204739523452789),
(0.78924609159950265, 0.25726523160197801),
(0.57830183773274868, 0.61033962265308994),
(0.077989756141712829, 0.047033408181636115),
(0.17181076599994669, 0.63969873756243401),
(0.67364292168054407, 0.13285542362590591),
(0.92178075155383343, 0.90614070542738867),
(0.4127292052527497, 0.38794761189020327),
(0.38268601193760959, 0.71869580911318132),
(0.87863419266360032, 0.2186934059774216),
(0.62527540892233446, 0.9488038562524147),
(0.12905179246842469, 0.45297829931305006),
(0.09762105316942879, 0.75298831587968296),
(0.61729642116984074, 0.34395014523958223),
(0.75769438873667716, 0.53480753136550663),
(0.32015575908167737, 0.074852447524641263),
(0.26187296024152279, 0.93366304808418032),
(0.85181384551918593, 0.42954764762707692),
(0.55776617216333002, 0.67170641553861643),
(0.051046343541704967, 0.16363909757391193),
(0.22644363266908768, 0.59343025074658362),
(0.71095956394146453, 0.01557032870846242),
(0.9715582344140733, 0.82407952261262341),
(0.47621817548199225, 0.28534632108521651),
(0.36749245173308298, 0.5200433582316063),
(0.78177723747209893, 0.11740152401285973),
(0.58982321192758158, 0.78513341625365063),
(0.070236469870407436, 0.33273635072842461),
(0.16398915065548655, 0.99628244972280511),
(0.68043963083873804, 0.49223141514519025),
(0.90641641247656468, 0.73806526216560264),
(0.41792703585002317, 0.23871823980652387),
(0.46469897110299052, 0.85855074973276846),
(0.94528971278323348, 0.2776228032044904),
(0.7262375120649267, 0.60512109642845446),
(0.19530033166661181, 0.046182765167535549),
(0.023918568110371619, 0.64085814950678266),
(0.53099870930678716, 0.14843301500823894),
(0.84006323870806099, 0.87879763333557803),
(0.30839309478600335, 0.39826364861135344),
(0.2889508531676529, 0.6725014695615007),
(0.82375523122052097, 0.17578002102004306),
(0.51205716255635236, 0.91411033137031283),
(0.0078219642690347639, 0.41007458667065605),
(0.21082593712799866, 0.82846938973771456),
(0.74225801977727324, 0.30445213392944226),
(0.96113056847050937, 0.57790547321693764),
(0.44902417809824874, 0.019673174925036615),
(0.42624973805265459, 0.95329182763701914),
(0.92596567218306036, 0.45393266520002323),
(0.66790281418591324, 0.70286735255117383),
(0.17967251343560517, 0.19850819066130784),
(0.086380538186459688, 0.5469525863824477),
(0.57176428597487938, 0.085401777789212929),
(0.80142851016926964, 0.76573165440366553),
(0.35539621694083873, 0.36343796821304197),
(0.49181322937714833, 0.61332792476973019),
(0.99225737441523421, 0.051199413160572513),
(0.69761110426608952, 0.86708391753502678),
(0.24209216677472367, 0.2529904376214519),
(0.038932654061253638, 0.89868991743528415),
(0.53588926711196339, 0.38665796505326755),
(0.86329358396776035, 0.63305455556572165),
(0.27730675708282521, 0.14046653337169748),
(0.3363260708536514, 0.80885302119322455),
(0.77718739694728134, 0.32344305598142342),
(0.60100621802083032, 0.50784066565361874),
(0.11709626049071237, 0.097788192238270538),
(0.14794792038621526, 0.72274501545712355),
(0.64865177294060039, 0.23051778337844808),
(0.90058325759615565, 0.96875257386806835),
(0.40212606506168891, 0.47660331004227602),
(0.44137550934480857, 0.62509458056442702),
(0.95652016963223296, 0.13063864772861908),
(0.73846648715236918, 0.89701203845527799),
(0.21840374959860429, 0.3811820638428231),
(0.0004687778670138248, 0.87112395531199549),
(0.50360565531289014, 0.25826063702819352),
(0.81971822183212528, 0.62101245337042132),
(0.29315884783042123, 0.059200112443105968),
(0.34952095934484834, 0.97656764555889297),
(0.80500018083306768, 0.47248557398020646),
(0.56640457547920775, 0.73046106400816524),
(0.078589904252519466, 0.22201530718060622),
(0.18396795043702283, 0.50394922287915966),
(0.66097901596325548, 0.10167442831932146),
(0.93361127531096799, 0.80158547154310988),
(0.43088071542793832, 0.31254163822820014),
(0.26589318573291176, 0.5695450408251036),
(0.87487711344611863, 0.027280503055248578),
(0.54351043679822353, 0.8394642141004317),
(0.043300968354408331, 0.30507112874791992),
(0.24622377781509425, 0.90687463318522066),
(0.69112125245394107, 0.41784673971436076),
(0.99211770374899366, 0.68289969677997964),
(0.4999843811680223, 0.18411719404914079),
(0.39418051333606746, 0.77723331328299283),
(0.89830059680285523, 0.37032983547550352),
(0.64064903574783794, 0.55539556671716372),
(0.15590919219169405, 0.085951662797955616),
(0.12156078767468025, 0.68780958405571924),
(0.60543647744134355, 0.19527898478950864),
(0.76944287233844533, 0.96496705585368026),
(0.32873010707679523, 0.46468308634112587),
(0.32394460868548808, 0.74255550651381985),
(0.76181247311189637, 0.24275965654935988),
(0.61714323777458491, 0.98844333069631474),
(0.10573067053284431, 0.49214051586318686),
(0.13567122704108941, 0.79680718342448054),
(0.63667631786387191, 0.34124469070478408),
(0.88671054576492692, 0.52708509549935978),
(0.38344708744202266, 0.11340704497688429),
(0.4840596815012676, 0.88621132291196947),
(0.98068403748637512, 0.3988912487213761),
(0.7072900844575658, 0.65216853362730942),
(0.23052770668248479, 0.15214635733618492),
(0.05902791886192111, 0.6013439026720806),
(0.55109894526423042, 0.035212041528044954),
(0.84737552927941218, 0.84776751397673333),
(0.2534760441650884, 0.26952270502584791),
(0.40964625007455691, 0.53913139088904138),
(0.91434726074088934, 0.066725948781930555),
(0.67954410709146373, 0.76050304319399853),
(0.16421181070395074, 0.35527102467310628),
(0.07031566177505616, 0.94464165412815015),
(0.58213248899593095, 0.4406567207218624),
(0.79315325064736841, 0.70768159587765123),
(0.36279609108971461, 0.21085587703540501),
(0.30082752973438398, 0.81905892754594656),
(0.83177793212157658, 0.29293233100659027),
(0.51947952513300355, 0.58312355726843745),
(0.016955440097035767, 0.0077771821647373892),
(0.19905602177244869, 0.66376558095717708),
(0.73410768135682003, 0.16820138441610125),
(0.94873286614616492, 0.92959671084773443),
(0.45734941368022147, 0.42992340377857363),
(0.46518273876514216, 0.69351083431791116),
(0.93915975322024847, 0.18938450776142324),
(0.72242079194168707, 0.96303283697748898),
(0.1895590908741111, 0.46505425614771945),
(0.027412334247028838, 0.77752585399705743),
(0.5254657187658518, 0.37124257791499643),
(0.83778285223377202, 0.55861433580725484),
(0.30863783454697252, 0.091753417990270592),
(0.37113653953581877, 0.91222479693319747),
(0.78531466405635963, 0.4202637930643634),
(0.59179336336640542, 0.6850413987546683),
(0.066158973406142851, 0.18352269712117736),
(0.15813260635944959, 0.56330286886256675),
(0.68569733904853292, 0.02895119185025366),
(0.91208439363532845, 0.84204025120729142),
(0.41803156989911749, 0.30888985193622054),
(0.25978582842058212, 0.50191777096759904),
(0.85728540573574763, 0.10715986105235759),
(0.55862164934385627, 0.8005930972470493),
(0.048404249153458041, 0.32030915808446492),
(0.22069862479429539, 0.98237440819478239),
(0.71488296591175593, 0.4765401534616),
(0.9764976433764917, 0.73049163863752986),
(0.47063386947089569, 0.22653639458834735),
(0.37686857511468203, 0.87097927442960399),
(0.88278845828616903, 0.26366146163564219),
(0.6326160574141676, 0.62128912923451052),
(0.12503583294396003, 0.057168623171622135),
(0.097843187748170427, 0.6327819354747487),
(0.62309146666901516, 0.12688666129088597),
(0.75385371739832985, 0.89284327177842104),
(0.31444140168225421, 0.37716401195891835),
(0.33996688470857772, 0.6600899733177138),
(0.77742250847501515, 0.16596963705564949),
(0.59384585139102841, 0.92562717579929599),
(0.11138859771398454, 0.433717285137113),
(0.14439812425040474, 0.81633097846111291),
(0.65236988449551048, 0.29473055444733443),
(0.90442369629292096, 0.58037464817667617),
(0.40245922078765017, 0.0021114986238845294),
(0.48662076650881519, 0.94139723497078476),
(0.99655945881913899, 0.44517055289064283),
(0.70104243300924274, 0.70693631838164595),
(0.23640781123242033, 0.20695743927931282),
(0.034994320281700804, 0.54679182979895091),
(0.53335002273165899, 0.066383206323296154),
(0.86327184618520991, 0.76396231678325821),
(0.27937399179964889, 0.35921761672194535),
(0.42547056862770682, 0.59760655594121637),
(0.9250805029441117, 0.033279261010910208),
(0.66800385735456269, 0.84744649039881081),
(0.17391464481281396, 0.2712053239702345),
(0.091891075979716158, 0.88696758901224593),
(0.57447468943413671, 0.40254107654225818),
(0.80077427898938591, 0.65255232483007308),
(0.3572509529147026, 0.15238442094027477),
(0.28268764829442572, 0.79100300598575646),
(0.8242292913321847, 0.33618338252997837),
(0.50800365733786101, 0.52931984919217001),
(0.011729742471206594, 0.11316739335648855),
(0.20532501654298382, 0.74629586434190986),
(0.74821907715411207, 0.24785102242434096),
(0.96484458780752314, 0.984749027340594),
(0.44983588928404211, 0.48640691189259544),
(0.39640654630647998, 0.64476849113518808),
(0.89267270603669135, 0.14303155528888165),
(0.64464913915092692, 0.88081831321192938),
(0.1506057429103097, 0.39406662430529654),
(0.11920908891837509, 0.8536037465147811),
(0.60740222624721618, 0.27570826808524651),
(0.77147621699282021, 0.60722049601660788),
(0.33431821053366761, 0.042948177929830633),
(0.26955652392865881, 0.99598352922068989),
(0.87093457711816702, 0.49613551654431326),
(0.5411353284351702, 0.74007689740690641),
(0.041088040051249518, 0.23803603800431022),
(0.24423028398291938, 0.519427923586403),
(0.69315935835124887, 0.12134548568783057),
(0.98800565605670188, 0.78706301541089174),
(0.49451636845272801, 0.33189261394296798),
(0.34751021438701829, 0.58796022171358098),
(0.8102199389881577, 0.0097912306881733045),
(0.56819761576304451, 0.82607398243550079),
(0.08208567218619045, 0.28511959832666733),
(0.1821129012030786, 0.93166958990261162),
(0.65820972115131038, 0.42529083165711207),
(0.93195042231725156, 0.6660526071533257),
(0.4353810522473115, 0.15999199697631739),
(0.44152035993137156, 0.75582652387598959),
(0.95714455661982079, 0.35153797224513245),
(0.7363804146977837, 0.53659737774051119),
(0.21449003633874147, 0.074198226899201067),
(0.0057550656424597427, 0.71388429763013628),
(0.50561592650631781, 0.21473313248690609),
(0.81622195543235254, 0.95117111217878547),
(0.29107856995419279, 0.44732095502306546),
(0.29904192681090841, 0.7209199744604855),
(0.83400165327518827, 0.23043546391635955),
(0.51953495501031399, 0.97433230610593879),
(0.019591243344958795, 0.4821097949883561),
(0.19922964679765554, 0.80671533241765081),
(0.72861939864905656, 0.32587521487169963),
(0.94927878035418201, 0.51363405386891514),
(0.45517337205417374, 0.097625916776429469),
(0.41208500121279107, 0.90240599518681086),
(0.91983452729378601, 0.39057643103767381),
(0.67385324862244811, 0.63699392912367869),
(0.16912603397928985, 0.13487594116586432),
(0.076160841723684217, 0.61326646744173574),
(0.58189353838157909, 0.050753653300001346),
(0.79289721246723366, 0.86116955584912391),
(0.36363440309218475, 0.25391675955243215),
(0.47862861412338925, 0.55258737859398721),
(0.98043106683821668, 0.080385164392268421),
(0.70702284218044087, 0.77121879457075093),
(0.2302940314108318, 0.36146164816183057),
(0.05682479179383372, 0.95890952205951185),
(0.54909632710390299, 0.45740458102584924),
(0.8494398939990393, 0.69726784069855174),
(0.25583949055099331, 0.19922546430604385),
(0.32424652926224923, 0.83395385337237382),
(0.76168407793453297, 0.29895062350552865),
(0.61167380580696529, 0.57415552944562542),
(0.10520974068617357, 0.017756187993501392),
(0.1383528317048614, 0.6757834482186138),
(0.63864797456873723, 0.17582099756905104),
(0.88683246897589951, 0.9197941238375329),
(0.3886618548359792, 0.41035834626251116),
(0.41408268285409933, 0.73465454346396697),
(0.91013821409472695, 0.24029523362997623),
(0.68165161482995451, 0.99806147086985753),
(0.16034744389696387, 0.49426000196711539),
(0.068251066820436107, 0.78125577403461299),
(0.58730454054053094, 0.3357914860224977),
(0.78511445078625808, 0.52208756892428976),
(0.36929077094459456, 0.1210129497073804),
(0.30475641410653642, 0.87500395000661146),
(0.84231283947947122, 0.39455929380252464),
(0.52761454810325836, 0.64264018382052335),
(0.025471132943075365, 0.14468625208873398),
(0.19141571680261057, 0.60323943689189663),
(0.72304760986202454, 0.043231582943582071),
(0.94318996218372664, 0.85719501313521684),
(0.46094526995148072, 0.27956633806416753),
(0.31701765204903704, 0.53125204541052162),
(0.75580945591687343, 0.077873865592669123),
(0.6210415737191588, 0.75012431276773295),
(0.095349506531982195, 0.34764807465798991),
(0.13256628979349477, 0.94713946076521693),
(0.62884288028096524, 0.45102894091513623),
(0.87677216548508197, 0.71670569280789742),
(0.38079848604669941, 0.21676967773611683),
(0.47312459890265723, 0.82088039393575718),
(0.97059326283941738, 0.28878847804617486),
(0.71299020234700095, 0.5899932783378814),
(0.22423925738449199, 0.013663617987391682),
(0.052871009203766313, 0.66801543097692795),
(0.55655227652413741, 0.16179581652538058),
(0.85351672335618523, 0.93739727114920279),
(0.26382093843903531, 0.42586285848224137),
(0.27345999424824119, 0.63483308937521443),
(0.86526928510447099, 0.13699231502603171),
(0.53900850223620744, 0.90040309689308873),
(0.036877932432368421, 0.38470373450481105),
(0.2400101715467898, 0.86519917503558752),
(0.69712783283220647, 0.25016994550030608),
(0.99435236058514309, 0.61538436959212606),
(0.49002189689919029, 0.052747187068843723),
(0.39880294729213828, 0.97070398846330141),
(0.90033873988226998, 0.47870472575401962),
(0.6504488764197649, 0.7265555494783823),
(0.1447372399957817, 0.23245011759629106),
(0.11520298480679828, 0.51171691054532609),
(0.59951918945873628, 0.10140868038609295),
(0.77507262631554441, 0.81062691138852039),
(0.33983212108202088, 0.32219921977096072),
(0.44725800493158102, 0.57429607199060329),
(0.96327469710105174, 0.023418549956866014),
(0.74419770857330869, 0.83036086268757203),
(0.20886028562247036, 0.30082625237465244),
(0.011591310403198675, 0.91614885550234104),
(0.51370823580295533, 0.40819999239433402),
(0.82220879022471671, 0.67576542226590974),
(0.2869065827758579, 0.1737720829223536),
(0.35323280364401161, 0.7695118926141008),
(0.80291753779585584, 0.36711094961878615),
(0.57419145319412601, 0.5504663953579837),
(0.087994934192807461, 0.082227277965263579),
(0.17766244889932026, 0.69954186567401411),
(0.66576400840296579, 0.19722670371294804),
(0.92961171895301586, 0.95529848838060916),
(0.42967889195641312, 0.4551862818947166),
(0.49655351137976111, 0.67972328222542744),
(0.98829286335595923, 0.18563234801341308),
(0.68939083849597049, 0.90853315387989131),
(0.24805046744872974, 0.41420345669842468),
(0.045504039994647992, 0.83787162625325806),
(0.54507007655694484, 0.30672139202474447),
(0.87205030451599697, 0.56674495944967429),
(0.26785455439586625, 0.025353896146813309),
(0.33011658508949909, 0.96688903244796709),
(0.76565663289733787, 0.46175818444466094),
(0.60340675382203457, 0.69133044952486511),
(0.12308702587612498, 0.19291296938250693),
(0.15238648720105757, 0.55671264641779372),
(0.64257972589138657, 0.087953027184657501),
(0.89634731663074763, 0.7753274024331146),
(0.39071028237908029, 0.36719276829966319),
(0.29670443061001067, 0.61720580902732636),
(0.81644945252476664, 0.060749605077896646),
(0.50181481266048533, 0.87315080315488669),
(0.0037331340056933867, 0.26048064652988007),
(0.21499147149386547, 0.8945773271734172),
(0.74031508581982941, 0.38055201027730906),
(0.95314950532178622, 0.62832237381284817),
(0.43930095008349629, 0.13090095590457829),
(0.4333523452280571, 0.80277286009530169),
(0.9374899456702771, 0.31596579836428529),
(0.66219799365175591, 0.50778304092378479),
(0.18743443396316289, 0.10355688958733837),
(0.080136477186634497, 0.72672189792167319),
(0.56442330087355153, 0.21902056721426669),
(0.80679889831448171, 0.97980205945714538),
(0.3514535572035305, 0.47069521465573205),
(0.35942759605269459, 0.70928331903287889),
(0.79501339645292413, 0.20896812510810686),
(0.58432557703618515, 0.94333611227621061),
(0.074144819880285193, 0.43752069755906325),
(0.16614867758902571, 0.75965487788493946),
(0.67590787095960769, 0.35183453023335842),
(0.91789441693437113, 0.54292818607867521),
(0.40655956213646138, 0.070289268639251223),
(0.45911445350032343, 0.92579714464670737),
(0.94723178432373867, 0.43182655308358014),
(0.73235733684410864, 0.66189273167559226),
(0.19725852688024048, 0.17019875569790677),
(0.01930852606165551, 0.58400083416422599),
(0.51582181499558832, 0.0057946322614657285),
(0.83000507477404828, 0.8183469742476237),
(0.30283865891952827, 0.28948958890376941),
(0.38665998648955174, 0.52454707202269735),
(0.88472933973138967, 0.11529597208962665),
(0.6330733983959973, 0.7931404478778995),
(0.13291819747102818, 0.34181962405119531),
(0.10861456459957464, 0.99023564798974706),
(0.61515695325044417, 0.48836037543662469),
(0.76561085469013324, 0.7441711824625904),
(0.32205230319913747, 0.24604463326136672),
(0.25191071038708324, 0.84968257673500225),
(0.84536425115220171, 0.26567870987480263),
(0.55277634991881908, 0.59787112254127328),
(0.06075355052533804, 0.037212767998462591),
(0.23430493795134061, 0.64859657707947616),
(0.70909827023555483, 0.14870742766303821),
(0.98264944571045032, 0.88470849967806786),
(0.48050774987684247, 0.40050946996324821),
(0.48539239187130379, 0.7051589980080013),
(0.99906439274500569, 0.20514134460723968),
(0.70117497126800266, 0.93950061026459675),
(0.23569218626889993, 0.44409970877012717),
(0.03309930234157045, 0.76474769377969132),
(0.53211466700039234, 0.35744882743261591),
(0.86058633308834487, 0.54495018835616604),
(0.27840040410635042, 0.065405659722655024),
(0.34280269693398213, 0.92461767711433651),
(0.77929870229507381, 0.43546314214706894),
(0.59745716421562867, 0.65820401803843664),
(0.10952135771960529, 0.16408991975706413),
(0.14162762438252269, 0.58202409513624442),
(0.65528558161955519, 0.0036434878696762485),
(0.90244488197260819, 0.81446839941187799),
(0.40437769454547284, 0.29306008226560931),
(0.2842077496126158, 0.53098335044594491),
(0.82725991129433907, 0.11228614451786434),
(0.5098066620571432, 0.78995364500645626),
(0.014547542643258922, 0.33775301635502519),
(0.20412120102791073, 0.98597175980466678),
(0.74715859761213721, 0.4882662623771733),
(0.96771824486444125, 0.74707131274083505),
(0.45118746252811009, 0.24698752607960808),
(0.42375403943094092, 0.84655166883554778),
(0.92193274627154231, 0.26958717852289016),
(0.67105032246272156, 0.59667222707802603),
(0.17381053045803424, 0.035079542953168778),
(0.089960217725940608, 0.654248151727571),
(0.57711340511670339, 0.1533246967030098),
(0.79860795987895628, 0.88771475315315318),
(0.35846904827427023, 0.40332730088096919),
(0.37494692625604253, 0.68361088743796528),
(0.78897349971992292, 0.18256691444123924),
(0.59211189650966323, 0.91310305079532195),
(0.063489412601481277, 0.42095434899342249),
(0.1591826738856614, 0.8430837974352704),
(0.68455100347561448, 0.310241321331859),
(0.91384911637737265, 0.56351888745013645),
(0.42105224689305704, 0.027351386751314589),
(0.46771460210804899, 0.9639228180075905),
(0.94119750644670097, 0.46672568620841226),
(0.72064406835881234, 0.69438419820333286),
(0.18943100841739727, 0.18753886752932333),
(0.030327974822105228, 0.5605352905566765),
(0.52436815224560152, 0.089905815262593933),
(0.83879114669737309, 0.77833050952011118),
(0.31160705182883441, 0.37207937069753522),
(0.37794777785332967, 0.62211218907226928),
(0.88069986128881561, 0.058581472597912222),
(0.62898741281788273, 0.86916817821288272),
(0.12873091186295466, 0.26173149128733209),
(0.10056197686601702, 0.89446766523611021),
(0.62114556217940453, 0.37803878213538783),
(0.75002763283016305, 0.63176259229100051),
(0.31465118480056398, 0.12501812603297133),
(0.25781503543059525, 0.79976001805982089),
(0.8583797147539024, 0.31917657650920661),
(0.56152284730270507, 0.50093322219833591),
(0.04978049114172059, 0.10572212288639317),
(0.22166222760360912, 0.73145434959086941),
(0.71869704664301215, 0.22558392606358108),
(0.97346392911321089, 0.98047942121511356),
(0.47164007662812768, 0.47465324766478445),
(0.41406084906400203, 0.63789072692443149),
(0.91994651432845731, 0.13576105638137434),
(0.67196191762586177, 0.90333567384701685),
(0.17085778648810893, 0.38867603447426935),
(0.076182502663140042, 0.85944045552535231),
(0.58006624664428719, 0.25490041924599371),
(0.79093732227535329, 0.61229764209498205),
(0.36619928912046174, 0.049690729980735787),
(0.29877762636805516, 0.9736214374415133),
(0.83295926739080162, 0.48140111855507206),
(0.52244833567628379, 0.72259662168197614),
(0.021516146517017283, 0.22854175384077455),
(0.20199878904579152, 0.51268249544224309),
(0.72763040791556521, 0.096666933325255958),
(0.95211709701011993, 0.80855446809836151),
(0.45506265095489695, 0.32423582959070724),
(0.3280126389365281, 0.57323888718385274),
(0.75883612146835888, 0.018622628544672178),
(0.61033566629985769, 0.83204496193833932),
(0.10347437080513604, 0.30064286478570568),
(0.13963724543959385, 0.91816855002761766),
(0.63984534506307422, 0.41207908807199656),
(0.8888328904625995, 0.67771696213634591),
(0.38873211989145778, 0.17762682469067606),
(0.47762191240155377, 0.76958739505350626),
(0.97841760913612941, 0.363280019574232),
(0.70505749094293069, 0.55078858655137253),
(0.228431869720984, 0.081960952181304544),
(0.055695692168204115, 0.6991600850139178),
(0.54785816705663626, 0.20026126629572674),
(0.85060254711851768, 0.95794233794771166),
(0.25683319604548099, 0.45891073452291514),
(0.27155284096153059, 0.73833593553142718),
(0.86834144676435931, 0.23726688472831428),
(0.54096934099006699, 0.9942028014590194),
(0.040019324394573702, 0.49761174967100674),
(0.24320237359083102, 0.78519760006328532),
(0.69413373701310199, 0.33104677600673038),
(0.98446967849527922, 0.5176011581097365),
(0.49322554693969389, 0.12296345855201003),
(0.39744730011380092, 0.87972158923211308),
(0.89251584559606267, 0.39261192431587422),
(0.64665765939908648, 0.64647908150861944),
(0.14945610263570985, 0.14451040868924811),
(0.11819071096451161, 0.60549715156015671),
(0.60751940689199913, 0.04193532447463285),
(0.77149423331014222, 0.85453491628521938),
(0.33277124571943928, 0.2763878648746248),
(0.44437004954231335, 0.5361213662873151),
(0.95902941544115305, 0.072319045804959431),
(0.73437699732750394, 0.75485561968238069),
(0.21192987752449458, 0.34970562472468641),
(0.0067461962376637085, 0.95012664586874651),
(0.5078031869693207, 0.44905803671478334),
(0.81339793956919137, 0.71304591128911199),
(0.28911880629907338, 0.21289158899444119),
(0.3456876819293514, 0.82511497115342181),
(0.81058111266529531, 0.28323465826970978),
(0.56933470176566581, 0.58892324750287706),
(0.08499172247980695, 0.010840820278594171),
(0.18068894108408423, 0.66794113740237637),
(0.65818681135735202, 0.15831721735724313),
(0.93072506081830242, 0.93350264332181265),
(0.43657207507554974, 0.4240266930076077),
(0.40043697275248441, 0.72462867206785897),
(0.90146491659726058, 0.23342640173575913),
(0.64943389947550734, 0.97170956661675201),
(0.14651421070666767, 0.47956470372215004),
(0.11526095877608465, 0.81249328870945148),
(0.60054364897482582, 0.32041715336022819),
(0.77556153356195523, 0.50985675334919145),
(0.33788820509959033, 0.10038529663823947),
(0.27633283378506335, 0.90147641675691226),
(0.86518058998713454, 0.3829140363312224),
(0.53710467064300471, 0.63581924087594588),
(0.037909260146335805, 0.13777961467717373),
(0.24110447762763532, 0.61711866728028342),
(0.69831329573205259, 0.054481401949680076),
(0.99317276567408641, 0.86336170020756908),
(0.49023634437020652, 0.25123263052904321),
(0.35373926615041901, 0.54977258516210237),
(0.80179146172164029, 0.083860384273980529),
(0.57033198664416229, 0.76771210733499606),
(0.086918267745902833, 0.36617315699585828),
(0.17785244668792002, 0.95620420295178121),
(0.66693293200104531, 0.45698694888366814),
(0.92686869287761797, 0.70116398831112103),
(0.42695164779129557, 0.19628678723355628),
(0.44728292979286649, 0.8314239155325247),
(0.96192219964876768, 0.3026736667634809),
(0.74407603461329808, 0.57539662691521765),
(0.20899868534155966, 0.022387463791893703),
(0.0097590996468529638, 0.6738614556973167),
(0.51360200056071537, 0.17193855577910258),
(0.82302041026247585, 0.91700686790395192),
(0.28711146870229765, 0.40721106834301235),
(0.30751575736934594, 0.64448133142525732),
(0.84089373609134344, 0.14645479559714256),
(0.52942417990524182, 0.87599358174413877),
(0.024498988279405377, 0.39642547362505798),
(0.19428986289281477, 0.85642179217416325),
(0.72467233144671084, 0.28035326674538258),
(0.94431453802041421, 0.60246064296328483),
(0.46289355198743476, 0.044481803075895318),
(0.41694850912847764, 0.99911398242338023),
(0.90805985854278004, 0.4960774872153601),
(0.68140926162478577, 0.73543217297173591),
(0.16296958040091661, 0.24216682443078932),
(0.068397220949363541, 0.5224672938514775),
(0.58793505631151499, 0.12005800751335141),
(0.78230504905408749, 0.78315392432089115),
(0.36914045057640338, 0.33474974768111943),
(0.47475665560598845, 0.5908661715175646),
(0.97262864066336174, 0.011822778900521925),
(0.7119364809248353, 0.82219587718099718),
(0.2255249385554226, 0.28711290114045351),
(0.051764893642118469, 0.93557615760986546),
(0.55666054300272416, 0.42695060258935513),
(0.85343629163370749, 0.6689696137280593),
(0.26269627392292683, 0.16105831989233144),
(0.31838259097775201, 0.75193758466935945),
(0.75612038374028301, 0.34599570634287913),
(0.61906022773756753, 0.53309479970165796),
(0.096635629345520682, 0.07624292081908278),
(0.12988803961250961, 0.71490043231301104),
(0.62598747188126158, 0.21493596981892288),
(0.87791642971044082, 0.94628083037817179),
(0.38160815962024497, 0.45010807859392737),
(0.45897290233328758, 0.66031890546548533),
(0.94809387508665999, 0.1709443087534441),
(0.73249686831501448, 0.92772908074579008),
(0.19812203852761523, 0.43347100202201749),
(0.015640882584970921, 0.81651799962732963),
(0.51763188248812719, 0.2901728295785142),
(0.83104131047936436, 0.58512076609127139),
(0.30247627051731335, 0.0048709229163246531),
(0.36226681406710759, 0.94227281465951351),
(0.79482768017610972, 0.43928657510407698),
(0.58397648981559791, 0.71045064146630565),
(0.071537943027710604, 0.2070349050345833),
(0.16600407534905595, 0.54103832392099915),
(0.67779214482338301, 0.06930941835775202),
(0.91598782718544047, 0.75875236957103542),
(0.40911757228864687, 0.3526423785105578),
(0.25280534158172341, 0.59864285890929003),
(0.84574204324544211, 0.038927460005849304),
(0.55268649386316948, 0.85154630401949638),
(0.059607504301563433, 0.26661999051175828),
(0.23220964106906011, 0.88378538365913051),
(0.70897444917300467, 0.40146825091850508),
(0.98145037479978992, 0.64941659859515866),
(0.48261490317640759, 0.15035630226485261),
(0.38383198524172202, 0.79491529303624542),
(0.88557739580727846, 0.34280230386934246),
(0.63571742547439569, 0.52347211432020058),
(0.13659324641043008, 0.11718067410647828),
(0.10737319782413993, 0.74511809574865451),
(0.6152431240040358, 0.24486097474888729),
(0.76270641577703446, 0.99151868295369228),
(0.32240525199969916, 0.49021778615345257),
(0.3292346192449695, 0.69042787859049226),
(0.76760945800774349, 0.1923010805283446),
(0.60355159294466021, 0.96781134268165048),
(0.12213424158944919, 0.46281840818884817),
(0.15436008680992785, 0.77438332932045595),
(0.64248752039627643, 0.36830539732807155),
(0.8964861337948089, 0.55775030593586461),
(0.3925978573324494, 0.089803346152746905),
(0.49807523766320538, 0.90929505998391902),
(0.99024393188950177, 0.41591841411045299),
(0.68950191148777595, 0.68076093268050053),
(0.24719261698628481, 0.18658246610519699),
(0.044904438965290214, 0.56827827918686091),
(0.54395458193915791, 0.023475613240526334),
(0.87396539491703529, 0.83607323934768918),
(0.2668559775067213, 0.30762144162400379),
(0.42971218092457436, 0.50588132552593867),
(0.93457944220766331, 0.10533523661297454),
(0.66206696737054371, 0.80371417238521581),
(0.18466349704651072, 0.31449292103577475),
(0.079835458442064647, 0.97933876962670097),
(0.56539433897309943, 0.46958068137448256),
(0.80572577300209136, 0.72850644767654593),
(0.34765819785779573, 0.22042692820319462),
(0.29395563023654636, 0.87440602246251009),
(0.81932927519724019, 0.2608270594013718),
(0.50284041310625438, 0.61906128982175168),
(0.0019032192604403052, 0.062436548860684567),
(0.2168168039856514, 0.62775009405855242),
(0.74019273552563425, 0.13188585318397766),
(0.95512899706661947, 0.89646350107411232),
(0.44030527736907654, 0.37890947872732594),
(0.45115462173750603, 0.74820206800563827),
(0.96589206730795096, 0.24998663669647486),
(0.74902999562612405, 0.98738712327955624),
(0.20605776783450308, 0.48601725763847881),
(0.012729469379038334, 0.79192643288944187),
(0.50974864253881735, 0.33868390399138204),
(0.82538900910927726, 0.52741876668254961),
(0.28220205216801386, 0.1102347943861911),
(0.35554082857356922, 0.88903229274207951),
(0.7997359144610291, 0.40535358290241991),
(0.57527067893043837, 0.65455935197626913),
(0.092779426344297755, 0.15529540983837734),
(0.17485611505591292, 0.594732770645374),
(0.6689568562022149, 0.032878211971335107),
(0.92479107612585898, 0.84450784260741263),
(0.42479400061966799, 0.27149164655919217),
(0.28035999880422813, 0.54393542885584889),
(0.86134858271796855, 0.064081594925689378),
(0.53513477374086538, 0.76175877442143292),
(0.033831894170040684, 0.3554811484976988),
(0.23730609595571509, 0.93827867513537699),
(0.69991993969911936, 0.44236078995227851),
(0.99721840290534947, 0.70315070657811152),
(0.48734340885696503, 0.20414304002227365),
(0.4041560555781874, 0.81346680770882174),
(0.90536865186321325, 0.29499140849863631),
(0.6533312376251732, 0.57910435047962405),
(0.14264453823883508, 0.0018125498206634646),
(0.11327589614695603, 0.65809393195929167),
(0.59565306382905958, 0.16611231067995466),
(0.77838537304566324, 0.92382099511719207),
(0.34176401255997602, 0.43564832476423981),
(0.31337263919294184, 0.62992161562542692),
(0.75281991760355216, 0.12699027411108751),
(0.62403103380127822, 0.89236806664669133),
(0.099570558401693224, 0.37590961260101613),
(0.12692993471344616, 0.86906653091844599),
(0.63181852256793292, 0.26547632850674019),
(0.88180343293751073, 0.62307201557603875),
(0.37588894884156271, 0.056638545459598413),
(0.46972202555496251, 0.98259748797686397),
(0.97556727809604371, 0.47274578905346892),
(0.71586960161309232, 0.73252413493744184),
(0.21883307672275765, 0.22360120954107354),
(0.047663285662809571, 0.50292841272883682),
(0.55963633172011651, 0.10935575775977573),
(0.85639149446837015, 0.79775179774905935),
(0.26077872424984938, 0.31736984645293292),
(0.419920913058422, 0.5645891488346616),
(0.91016090546747253, 0.030437033569547797),
(0.68748414086779919, 0.84107819146293838),
(0.15714440735321436, 0.31151145000152941),
(0.065382519343650969, 0.91117593933021901),
(0.59024789905999775, 0.41798389938090558),
(0.78627258260513777, 0.68653759656572033),
(0.37207511146230182, 0.18162771943852199),
(0.31012039273379977, 0.78024102870318834),
(0.83624972576326706, 0.37402641149773019),
(0.52639597241846958, 0.56249882188459277),
(0.028371791957712594, 0.092787964096548339),
(0.19133310231344886, 0.69238561142053723),
(0.72164108230598478, 0.19049951022994147),
(0.93832902147133901, 0.96288596398294912),
(0.46583499321298777, 0.46690738528463349),
(0.38767495694208093, 0.67782247244031868),
(0.88777469090161332, 0.17870473786098151),
(0.63672339936014988, 0.92009934607275634),
(0.13672445957491935, 0.41306627355978942),
(0.10448394118321723, 0.83488020166133692),
(0.61307015511342533, 0.29882750072178316),
(0.76073592212629659, 0.57145540860876565),
(0.3252572342559405, 0.017563395436232684),
(0.25424821587507695, 0.95994238797591858),
(0.84855098058755274, 0.45903571874268634),
(0.54985414118932996, 0.69721024057496739),
(0.057803051272265003, 0.201175414695245),
(0.22940645803348872, 0.55362994882319483),
(0.70590454909017319, 0.080063856796052116),
(0.97869503090457421, 0.77248366511184552),
(0.47950951586956225, 0.36129926542865798),
(0.36428156690698554, 0.61037059484815814),
(0.79192175789681196, 0.048667529506188079),
(0.58086136933760879, 0.86233670113890393),
(0.075193623208895374, 0.25607735723858494),
(0.16892849398223828, 0.90465893857499868),
(0.67576352876640544, 0.38676873584570359),
(0.91887408994467712, 0.63872395481512789),
(0.41107517290405393, 0.13381319743164238),
(0.45641221404673776, 0.80473618210565268),
(0.95111438911359392, 0.32707800938458464),
(0.72962836579807544, 0.51369239244480369),
(0.20112458005496314, 0.094787093485300969),
(0.021455522231538494, 0.7206100555029622),
(0.52099877684236162, 0.22750817241106264),
(0.83508225199890351, 0.97557958757102026),
(0.2998179649443794, 0.48261319738625813),
(0.29226650843835117, 0.71192911207098353),
(0.81541776814058209, 0.21270718255684928),
(0.50480917107130241, 0.95208610947648276),
(0.0048672253564005369, 0.44720428986438926),
(0.21378085924741938, 0.75678696543160962),
(0.73734389713849369, 0.34956492305674236),
(0.95802367180508452, 0.53715650646109414),
(0.44259081122579352, 0.071308273776736861),
(0.43441261615376181, 0.93071102885926116),
(0.93262446670319299, 0.42299601347354077),
(0.6600340963630823, 0.66600450882332718),
(0.18273687786063661, 0.15729570080037628),
(0.083023863452616808, 0.58784527807588249),
(0.56731976535889117, 0.007941045043423552),
(0.8085993625799901, 0.82713244537598907),
(0.34664044177335601, 0.28315955782409852),
(0.49513915515402224, 0.51668769775871015),
(0.98634308926510417, 0.1240150430811168),
(0.69142551526566509, 0.78904339421398317),
(0.24513559136951724, 0.33004325645089139),
(0.042945357914346817, 0.99398385087598384),
(0.54204801369488953, 0.49818601504045823),
(0.8699159599082219, 0.74123946556914155),
(0.27052560177966356, 0.23611263874948871),
(0.33592692414240516, 0.85351527818977047),
(0.76994017097787171, 0.27445069790875831),
(0.60584764086905873, 0.60743790180796198),
(0.12037039551168441, 0.040065932700600326),
(0.15140026898056774, 0.6474473526173703),
(0.6455656850142576, 0.14160206052775298),
(0.89446645184509221, 0.88182183021537208),
(0.39455607231758244, 0.3924040622335262),
(0.42868755608979503, 0.70123167909077477),
(0.92774749288190994, 0.19816906856215641),
(0.66502262551234592, 0.95410191146790047),
(0.1758163458534914, 0.45424267815499647),
(0.088887128406705568, 0.76752124083284468),
(0.57246421081178123, 0.36513946271716297),
(0.80379693939461583, 0.5488109721577511),
(0.3524651091374279, 0.08399679548508511),
(0.28602116310619613, 0.9159265782755226),
(0.82125070456154237, 0.40917947189699849),
(0.51562360431506504, 0.67301650972437976),
(0.010731595384774863, 0.17383257376670649),
(0.2070756764885415, 0.57625512116972),
(0.74523543531584868, 0.021470653455663881),
(0.96389859641110187, 0.83001708041792965),
(0.4462081647952319, 0.30277276530448272),
(0.33875601443562353, 0.50976366796147277),
(0.77344182577803255, 0.098698296476848191),
(0.59771224844043791, 0.80962236951067179),
(0.11406128556472861, 0.32319945210596579),
(0.14645663847265453, 0.97065982656927574),
(0.65145279151968394, 0.4784633586265305),
(0.89864901428212074, 0.72365936165447253),
(0.39941872914934551, 0.2314750140279698),
(0.48829623570571329, 0.86541635623148461),
(0.99513852292271621, 0.25210392373669865),
(0.69550493098946031, 0.61520676729956536),
(0.23924510195391124, 0.051880763700853913),
(0.036104293357599161, 0.63383402676136258),
(0.53807683679423046, 0.13883417410465382),
(0.86623995202160786, 0.89946526470170207),
(0.27445918643839984, 0.3847976123422629),
(0.26465205021312077, 0.67019072845920402),
(0.85537845788542899, 0.16306429418403295),
(0.55552204105656644, 0.9345830724982882),
(0.053748000106094034, 0.42867181525703296),
(0.22358464029223729, 0.82235705775886292),
(0.71387981574594461, 0.28681782420090296),
(0.96957025653420603, 0.59274967610909923),
(0.47456451499316177, 0.013706480272805023),
(0.37983738648414495, 0.94819536886894573),
(0.87592198877985161, 0.45118616506373532),
(0.62701774842222291, 0.71685659620717435),
(0.13089803374872264, 0.21682614478001722),
(0.09467724910811226, 0.5332156504421115),
(0.61916671111890176, 0.076139761152425392),
(0.75486041670719184, 0.75289682689477544),
(0.31817386714287144, 0.34472970379758638),
(0.46206419227260154, 0.60440260899424936),
(0.94236867360201393, 0.045887523208466029),
(0.72456696618893834, 0.85750879848407358),
(0.19333165334525593, 0.27924014809041919),
(0.026388756690299064, 0.87697290728201316),
(0.52836205564422678, 0.39742810788960725),
(0.84280692172214888, 0.64253348009834421),
(0.305673277486676, 0.14745944352557178),
(0.37012849239796775, 0.78326862855825752),
(0.78391766440382749, 0.33398398128262102),
(0.58597452500486125, 0.52145200092220934),
(0.06735776964876633, 0.1190690782191258),
(0.16205018968641943, 0.7371707387334141),
(0.6826200061519867, 0.23935443554479319),
(0.90910797088690076, 0.99712807859632524),
(0.41516849797653516, 0.4931712656225255),
(0.48240674845827064, 0.65048250642780236),
(0.98375664939938734, 0.15133217707269286),
(0.71086380520985615, 0.88571630494072906),
(0.23242929248933134, 0.39941944105142002),
(0.061602377457144711, 0.84867465070740244),
(0.55374041042459765, 0.26765374336673037),
(0.84466698030672338, 0.60054971814670699),
(0.2509617388112364, 0.036220312120554626),
(0.32122865336866169, 0.98944880049857498),
(0.76464566744354279, 0.49094108478744819),
(0.61329041552959651, 0.7432855455773717),
(0.10748551214152205, 0.24317252677363727),
(0.13470433575874155, 0.52629305028192508),
(0.63466300254957397, 0.1143107505379392),
(0.88283583044985559, 0.79584708226962331),
(0.38569828461050698, 0.34069524109265592),
(0.30372016744974228, 0.58299922777005775),
(0.82908923566734949, 0.0059387959562870593),
(0.51752843491038836, 0.82025197891549373),
(0.017662061514903408, 0.29108821436561311),
(0.19626134736516268, 0.92786832760081273),
(0.73143994973772408, 0.43068112808212222),
(0.94624084475461956, 0.66222093243588875),
(0.46005358112480588, 0.16897219473702693),
(0.40806477608548292, 0.76077301784086782),
(0.91691626800989334, 0.35354674541777104),
(0.67679338839850234, 0.54007209396493938),
(0.16792236074272052, 0.067449811011619759),
(0.073195730512228996, 0.70825253769142149),
(0.58591795667916557, 0.20899762498857422),
(0.79593680913433373, 0.94336672273571176),
(0.36126648715411736, 0.44033095174021109),
(0.349770834361599, 0.72939180268424508),
(0.80768311745809618, 0.22164145856541237),
(0.56335414894316138, 0.97850748055822889),
(0.082024309544259738, 0.47140029636301028),
(0.18557538146379968, 0.80191820510362455),
(0.66311664905176082, 0.31436663746711913),
(0.93565098789151235, 0.50495443942208806),
(0.43166490658913864, 0.10346418640898336),
(0.43844975147543469, 0.8976232657537716),
(0.95414527649933745, 0.38275837406611141),
(0.74128637690187471, 0.62597727366570943),
(0.21583705519797658, 0.12915432974072763),
(0.002864217864473325, 0.62010362931361696),
(0.50088443666131566, 0.060507662250158849),
(0.81738335243743598, 0.87207324588220891),
(0.29495367331962841, 0.2596086996588628),
(0.39167471614383359, 0.55656466570817098),
(0.89454618895227722, 0.087724792422743753),
(0.6444639879857571, 0.77542321190746344),
(0.15351581068054915, 0.37007863666226476),
(0.12412518145713676, 0.96676236321449449),
(0.60231350728319166, 0.46385933761525916),
(0.76663729597980534, 0.68935865592543211),
(0.33110149262843919, 0.19429341771022665),
(0.2695050502223913, 0.83807872124513927),
(0.87291447494823049, 0.3056651770005071),
(0.5468458587700592, 0.56926865414990313),
(0.045975113524223316, 0.025402046843319682),
(0.2490674899275919, 0.68166853961681539),
(0.68755887133620064, 0.18464636675759571),
(0.98932219041175207, 0.90761951282546438),
(0.49708740068270008, 0.41686678612104677),
