(0.085032448717433665, 0.89161127730485767),
(0.5737770642329747, 0.39631406477899123),
(0.9896747540663523, 0.50050404113300939),
(0.46274557974810115, 0.011543524668071188),
(0.36950049179365863, 0.68224069378232555),
(0.85867337294400148, 0.17711322102770749),
(0.73614935665621628, 0.77107355741678796),
(0.23300208655697641, 0.26106146723769647),
(0.1659642707602938, 0.62476077038950062),
(0.67283605883239495, 0.06597480531844549),
(0.80969605628197605, 0.94090842966462906),
(0.31090211718754257, 0.46187479554435584),
(0.38137797419065111, 0.85684909471771264),
(0.8802878455170543, 0.35731714260844794),
(0.5599234635051783, 0.6941176398907517),
(0.052310584506212857, 0.18978091761296875),
(0.21812534774432438, 0.78282196204553089),
(0.71609287134099764, 0.28641447202154502),
(0.84010403890911678, 0.62810960117181802),
(0.33628453059539642, 0.12509876399860895),
(0.47019714640218119, 0.5379576607635802),
(0.96731441629373582, 0.032464380820918369),
(0.60143655905397109, 0.90709470861862951),
(0.12361623641827107, 0.40662335947218553),
(0.00013019469260678308, 0.74498847699996806),
(0.511757346202942, 0.22756585570179888),
(0.90762666290040772, 0.84310408394159919),
(0.41021603634684167, 0.34289103870353338),
(0.25030836950998042, 0.99842312702427216),
(0.75183443791731319, 0.49316878238704076),
(0.62816933023956989, 0.56599970152892154),
(0.15067943367812528, 0.09390940196044352),
(0.045458060026177707, 0.81671342682329351),
(0.53217188221271883, 0.31536685837911682),
(0.89082027606448, 0.72839954022863884),
(0.39156897547172437, 0.23444467906864797),
(0.2867829933750814, 0.58637254905898284),
(0.78312016656337058, 0.11069657443845814),
(0.67122988751891244, 0.97215012748682661),
(0.18520959802563283, 0.48413260618056925),
(0.24385406968952494, 0.65586755742739555),
(0.71892028585618628, 0.15291927772083189),
(0.85952302651964951, 0.797112017195724),
(0.34535902788172002, 0.29819442049490691),
(0.44499536209411061, 0.92200608114048888),
(0.96903388646714206, 0.42320540588984473),
(0.57823271752060457, 0.54743860154011514),
(0.064167427235809343, 0.047305131253316368),
(0.14061183314424186, 0.96818381917728824),
(0.65578948767426848, 0.45176569972059949),
(0.76582235984676006, 0.59868403321411479),
(0.26632663856413596, 0.079703999194352962),
(0.43578353979608819, 0.71845981431562411),
(0.93696006060653092, 0.21845392086036414),
(0.51736187447569437, 0.85947945943783366),
(0.030853499291126026, 0.36000796806295637),
(0.095841328324635974, 0.5297119761645136),
(0.60946436578354424, 0.022678328597863427),
(0.952420612767787, 0.88828908311993682),
(0.48688727660936448, 0.3901833780781464),
(0.31403704698515217, 0.76329293461580805),
(0.81919695279757188, 0.27424247359372378),
(0.68768763649413234, 0.66807521234431855),
(0.20199673281541378, 0.17180825012027343),
(0.023244070914659187, 0.97768798324668804),
(0.52936274777354742, 0.47253444963726404),
(0.92871216053143746, 0.58037698279898264),
(0.42963755473289356, 0.11855893728990796),
(0.27348456155073542, 0.71994526138981974),
(0.77357711042231092, 0.24255876644639754),
(0.64801224403708479, 0.82064102803837224),
(0.13254531220881793, 0.32046425173819021),
(0.19470114974534863, 0.55714219077084959),
(0.70261413116846116, 0.054832303174545557),
(0.82798953687686105, 0.92991823374932092),
(0.32718623529540125, 0.43042031660244312),
(0.49237378742966464, 0.8048089355362863),
(0.94522835460909849, 0.30621682671147349),
(0.62480249273945598, 0.64662946879325822),
(0.10763164524036054, 0.14812856745002423),
(0.17948211343359066, 0.87104446819637038),
(0.66394245961418552, 0.36752702616793548),
(0.79532058529786398, 0.7048142848332245),
(0.29670941046309701, 0.2031670786596248),
(0.40580071139268836, 0.60177042494629529),
(0.89925390870368371, 0.092659547295827052),
(0.53981143125937536, 0.96075620418693208),
(0.038759136859035544, 0.44473803874813428),
(0.07047329008935832, 0.66340384371252437),
(0.59286570816853501, 0.15650350539108898),
(0.97690402842493473, 0.7569982687673078),
(0.45270198811106277, 0.27318887463580854),
(0.35161278004865804, 0.88164496880696186),
(0.86779101003492298, 0.38280900861682071),
(0.72681194648665015, 0.5227820103248968),
(0.23474959402227275, 0.031219597380156529),
(0.11685759890962942, 0.77390493556873019),
(0.6088592415840528, 0.25137228820909863),
(0.9552167388033761, 0.67198726412327303),
(0.47696326780758863, 0.18058270630880885),
(0.3358034067976417, 0.51510637376249058),
(0.83536553524635837, 0.0074628706785687194),
(0.70970119801894282, 0.89964369347429807),
(0.20910776372813261, 0.39864052708683601),
(0.1479112357289957, 0.69600084179384236),
(0.63948878905966744, 0.19751333525444537),
(0.76495401927226014, 0.84392247686360344),
(0.26512398872406495, 0.34428550961290866),
(0.41424969362001629, 0.95248723280546155),
(0.91502997460279178, 0.46039575606331723),
(0.50769642542041815, 0.61669265669000994),
(0.0094719361060013867, 0.07787283205497593),
(0.22616736741100552, 0.92171149966655197),
(0.74429034473892652, 0.41433075210403414),
(0.84418454463112091, 0.53952128142203271),
(0.36179075423735529, 0.040836567596291846),
(0.45322293295118221, 0.64018066632700865),
(0.99235898106812281, 0.14034722071831102),
(0.56739046237797219, 0.78911421971007967),
(0.086125128698901696, 0.29065668918595222),
(0.055699507092851007, 0.57789497903583542),
(0.54723058685183901, 0.1025442069487746),
(0.88915284727894417, 0.98469760517076876),
(0.38991390131121118, 0.4852951903033631),
(0.29719047802361309, 0.83388941882264034),
(0.79798754949529627, 0.33585003318175527),
(0.67975767204154547, 0.73549392001898961),
(0.15687803263126449, 0.22601674684584575),
(0.101622108701842, 0.94140987445027169),
(0.61720783270928004, 0.46846628745536451),
(0.94121559915222197, 0.62085723755614652),
(0.49630802811864672, 0.066796622095562572),
(0.32040049718867203, 0.69135212385005917),
(0.82031838947634517, 0.19473825433030373),
(0.69589185817848054, 0.8516662007721606),
(0.18771144540710538, 0.35182376602468896),
(0.12890014900072003, 0.50415478824967963),
(0.64415474482122093, 0.011912007544165836),
(0.77769180815551742, 0.89695740931588752),
(0.28073799237707225, 0.39438315874186347),
(0.42268977245855271, 0.76942059129286089),
(0.92190740580003194, 0.26420109240047462),
(0.52351645489238241, 0.68361197938554075),
(0.015848165952379551, 0.17336300125590687),
(0.23843669793870997, 0.83879743540163487),
(0.73432845763178434, 0.33982725552932608),
(0.87135562695676783, 0.74980711085666052),
(0.35558698538132077, 0.23155640342272082),
(0.44627024929352016, 0.5701581063734722),
(0.98061311040628685, 0.10142772861372),
(0.58603574533718872, 0.99226147142706844),
(0.074794945755757625, 0.49613970505796012),
(0.031587472542637815, 0.62934859905090268),
(0.54305323524765081, 0.13275881984916579),
(0.90607741092701655, 0.78582161044613275),
(0.40166392467709217, 0.28509561388111582),
(0.29292329159034369, 0.91381892132290632),
(0.79295709284295657, 0.4136591544279174),
(0.65969828221975846, 0.53130680417552689),
(0.17251233259708268, 0.0352668560404985),
(0.012067612621807037, 0.80106271477992907),
(0.50011916687846492, 0.30099810882839112),
(0.91798335480303517, 0.6523306218813929),
(0.41858587348554022, 0.15222981409709721),
(0.25781367951799733, 0.55092402245036076),
(0.7617048480482681, 0.051900830057605297),
(0.63646502045440911, 0.92885514210891862),
(0.14429769305515958, 0.42964081039249341),
(0.20340798221090542, 0.73050572538511283),
(0.70466549801526657, 0.23830580103917923),
(0.82848193281146576, 0.81612120412065825),
(0.32820588562134251, 0.31996925252562197),
(0.48434797172853339, 0.97300702877361089),
(0.95708033235918788, 0.4773062317306721),
(0.60200664460577169, 0.59352504133375394),
(0.11204833466277453, 0.11335342579229934),
(0.1604910196345275, 0.88670219173012044),
(0.68747890969817138, 0.38602677418389231),
(0.80097661951670951, 0.52381792771202407),
(0.30445170454102732, 0.019511575447134905),
(0.38665280327835594, 0.66437295776673733),
(0.8862256310428771, 0.16409762416580925),
(0.55120616771886144, 0.75799588336296786),
(0.058620798706729843, 0.2779872434031504),
(0.093644998561652287, 0.59745414013987874),
(0.56623115820036041, 0.082202910697401751),
(0.99611334589615297, 0.96095023411573566),
(0.4575146576556316, 0.44892601854462605),
(0.36357040644915078, 0.86565367097942658),
(0.84802773212980642, 0.36364780774553229),
(0.74635517813778829, 0.71468393072697645),
(0.22250895417936828, 0.21478257512131466),
(0.050539318780712293, 0.93393939833648243),
(0.55648475944635534, 0.43736512209460066),
(0.87877375604271468, 0.56205595290247401),
(0.37847015269585765, 0.062301777801403904),
(0.30474537896844967, 0.64066027887793142),
(0.80835436969211549, 0.14378704441606988),
(0.67956785197959402, 0.80863812966979298),
(0.17182386357011678, 0.3086790282470821),
(0.22945133048048705, 0.58588308409768908),
(0.742183972937424, 0.12125129686227484),
(0.85516993978752776, 0.9807544690222787),
(0.37127028561327946, 0.4728023447616429),
(0.46551423674895409, 0.82792472411229812),
(0.98812552890351946, 0.32757787582416442),
(0.57803661810128959, 0.72652731345226784),
(0.081694683996699727, 0.24616653506921396),
(0.15601237608759402, 0.75047651145511907),
(0.63248251577585146, 0.26940106543078257),
(0.75668795001350631, 0.65675543614956367),
(0.257803008868429, 0.16117850336602332),
(0.40976541646074727, 0.51931377250404986),
(0.91381819934594644, 0.02722619990349771),
(0.50812101152476785, 0.87888512773567007),
(0.0040265617398850288, 0.3787844221763863),
(0.1172753307178671, 0.7105524630572474),
(0.59400012510470501, 0.20759021074841469),
(0.96483969419760329, 0.87134028248148232),
(0.47314394201067589, 0.3715005893041996),
(0.34365237709778035, 0.95695210303637679),
(0.83944001768735221, 0.44127644799457183),
(0.7109998357800219, 0.60915843712463502),
(0.21099251664957169, 0.089464084104596692),
(0.070178733193037815, 0.85124937926745214),
(0.58568151102400356, 0.34767851380030945),
(0.97609145497535632, 0.70309846340588755),
(0.43769112971606372, 0.20229742636627282),
(0.35066215281282276, 0.60947937950572795),
(0.86339187617547164, 0.0707500780886645),
(0.72630676462261357, 0.94911977254329227),
(0.24612228998440622, 0.45344846742017569),
(0.18342747986363073, 0.67583790336605742),
(0.66772380376694573, 0.18366542660286356),
(0.78900359234093353, 0.77998061304316424),
(0.28509218371675987, 0.25427663141362877),
(0.397334917663558, 0.90495157439783847),
(0.89823162236101484, 0.40571141031180896),
(0.53865724795697312, 0.51160596810785208),
(0.041801049874925188, 0.003787155712833752),
(0.19823259801785617, 0.98875369535197211),
(0.69193928199581323, 0.48878478717439905),
(0.81306630206892261, 0.57420796390215778),
(0.31652857237317467, 0.10617851552878521),
(0.49216567354537494, 0.74160373447190686),
(0.9491809889709556, 0.22252735517814792),
(0.61329382605543403, 0.83181871204269231),
(0.097750555495070418, 0.33164328866618203),
(0.023513596877476887, 0.54330162317733655),
(0.52316956822615834, 0.042976002798368475),
(0.92991106384803868, 0.91753534634052025),
(0.42985191393807004, 0.41840849050995532),
(0.26959443971974539, 0.7933908980759502),
(0.77035401113097668, 0.29334936045118143),
(0.65217589462955661, 0.63281393263377828),
(0.13661182481464834, 0.13435678814398841),
(0.12302223396605612, 0.90822652492900202),
(0.59932654423122345, 0.41013529850159669),
(0.96496297674241405, 0.53700553583035171),
(0.47261858823892816, 0.035099086943901389),
(0.33805976148792988, 0.6268793503050718),
(0.84360242860192525, 0.12721989840709527),
(0.71691809488177283, 0.78487985022787721),
(0.21491189512783432, 0.28902585768642203),
(0.14850437970047384, 0.56428331727578673),
(0.62518359479946084, 0.09722445745597523),
(0.75374336400386666, 0.99711742554005578),
(0.25356101407584825, 0.49608397901972218),
(0.41392429376359224, 0.84005623670462659),
(0.91008543388226892, 0.34000514737268756),
(0.51557938174253914, 0.7441351337961809),
(0.0038627347385269172, 0.230260423960606),
(0.23236123898225033, 0.77152417285054675),
(0.73812737483930446, 0.25789959974563564),
(0.85718142742002001, 0.68146603659826621),
(0.36857717139714757, 0.17774161885462614),
(0.46293973854532167, 0.50206726431128668),
(0.99210873398533694, 0.0080166844295732204),
(0.57032625356424393, 0.89266126455731964),
(0.082044459669355127, 0.39669413195832798),
(0.052948281521185379, 0.69332408059254746),
(0.56072994967342693, 0.18944676522245449),
(0.88087450285259528, 0.85934514829100461),
(0.3790062975348929, 0.35917386594287021),
(0.31053149604091618, 0.93941648008683409),
(0.81058249663305437, 0.46467994827181619),
(0.67565469462951477, 0.62121254482766475),
(0.16682595996343197, 0.06443640747985277),
(0.027910356195270415, 0.86327177072100481),
(0.51946480161079167, 0.36170969486296167),
(0.93543069182669414, 0.71492632302638071),
(0.4337488822231349, 0.2167581071244192),
(0.26780412321712377, 0.60154686322809892),
(0.76914260111022681, 0.081861429178811854),
(0.6524618962910298, 0.96490870664913275),
(0.13685930730306387, 0.45097276162653999),
(0.2011490908835615, 0.66995799681893298),
(0.69117196223940514, 0.16813855978653919),
(0.81825192092811072, 0.76379097539977125),
(0.31557916113754803, 0.27571174827429124),
(0.48455072694093354, 0.89042540396789571),
(0.94945049428840478, 0.38695611140678526),
(0.61302275035417575, 0.52734410454308611),
(0.095621590032246601, 0.019664496925561176),
(0.18555349212876812, 0.96879364316972483),
(0.66806054081823696, 0.4805705915657123),
(0.78510443566574073, 0.58789506157284099),
(0.28716457487064856, 0.11314965002576752),
(0.39263349962003757, 0.73043431014460547),
(0.89263445033330324, 0.23652754973524756),
(0.53402950511368652, 0.8183666283073644),
(0.043032922326072136, 0.31282963398493002),
(0.066129813555360947, 0.54886196154527755),
(0.58162669199001649, 0.048894789391413153),
(0.97236005242937384, 0.92577285868677961),
(0.44334882534697218, 0.42560982603671837),
(0.34751997095266868, 0.80073715815238022),
(0.86302191858005717, 0.30077925702215563),
(0.72074130329751196, 0.6527116584747491),
(0.24426314324351983, 0.15453459451259863),
(0.037081487197269988, 0.95717398709248847),
(0.54107718490349666, 0.44315861286325542),
(0.90041422613981736, 0.60532509248255262),
(0.40335837708466948, 0.091062048737061835),
(0.29489261534629246, 0.70511307934511092),
(0.79298415949443735, 0.20683244089799543),
(0.66019558654944543, 0.86903849670315003),
(0.17591593863772959, 0.37107344040375712),
(0.23656082468229991, 0.52129547549422706),
(0.73011026416068492, 0.027737748233007394),
(0.86924075142808699, 0.88076521067478408),
(0.35357154447624672, 0.38062865210558788),
(0.45112192885045893, 0.75450338412720586),
(0.97892066958597324, 0.27145708945549685),
(0.59001696174695317, 0.66198278760271545),
(0.072267049720691742, 0.15835251157510774),
(0.12997915814780295, 0.82421443900571323),
(0.64496011722826585, 0.32237357686195328),
(0.77546966234760406, 0.72259011786201943),
(0.27566376265093218, 0.24417503986347996),
(0.42595965977112721, 0.57982692898539978),
(0.92755458494857135, 0.12107947056894668),
(0.52761272422449246, 0.98046687606404648),
(0.019966210355213936, 0.47048269528087222),
(0.10736075423532304, 0.64453216749499587),
(0.62298007434115121, 0.14453515482004356),
(0.94313744215947071, 0.80667651080150027),
(0.49414142584076864, 0.30852065256360012),
(0.3261417114741641, 0.93210811277639971),
(0.82422027725131131, 0.43188399935297173),
(0.69947153548240193, 0.55659895362849765),
(0.19335284967462907, 0.056773513264364972),
(0.087959875918509914, 0.79293726809145215),
(0.57027559242774506, 0.29156027394801298),
(0.99566501332949375, 0.6372417397364325),
(0.45692229132019591, 0.13865089465170219),
(0.36129803435175989, 0.5427529367371754),
(0.84576836480365503, 0.041200121306769234),
(0.7434618803755233, 0.91799093166902601),
(0.22432851313460536, 0.41788323638364189),
(0.16011767834305055, 0.73637163858325549),
(0.68177388099247704, 0.22270583236735511),
(0.79930870647008401, 0.8358923324998665),
(0.29883107014501958, 0.33388189516579914),
(0.38680295388315022, 0.98810329392099072),
(0.88673509389628702, 0.48820502543445154),
(0.54897300821925998, 0.5759746684439514),
(0.057280503819005749, 0.10527588359877776),
(0.20716026622121655, 0.90064048409099973),
(0.70878672378040841, 0.40228158728863078),
(0.83217766540248039, 0.51185464290552729),
(0.33393145559185744, 0.0039164049277318012),
(0.47954275237672772, 0.6757261837302776),
(0.95501970519543034, 0.18166189803213528),
(0.60739940291484495, 0.77562736604963944),
(0.11511457808160579, 0.25377990403387185),
(0.0098672988194089036, 0.61334951048312458),
(0.50565660378179145, 0.076105047507090781),
(0.91603007790022117, 0.95092504386225041),
(0.41791199737964829, 0.45714464800811511),
(0.26356026462471172, 0.84752247808995917),
(0.76357518759780219, 0.34748340527423155),
(0.63837223962182177, 0.69920090172906169),
(0.14466173735003168, 0.19544953862723818),
(0.076369281049500873, 0.99431564266708006),
(0.58790546164792479, 0.49812510120115272),
(0.98434364579834432, 0.5683362659265776),
(0.44909356550598362, 0.097746591183012044),
(0.35756036729804946, 0.74800267775459139),
(0.87307825631708069, 0.23258640265680691),
(0.73047248298270639, 0.83616434879467494),
(0.24032806869535453, 0.33594415831396263),
(0.17390678246351263, 0.53323741200987096),
(0.65796582285770311, 0.038982790603817895),
(0.79098933697477736, 0.91199273654199575),
(0.29097943934030213, 0.41185625069230919),
(0.3984921369473195, 0.78879592869822379),
(0.90263132695676163, 0.28302973734409137),
(0.54670956691923911, 0.63278067486347012),
(0.033405249760096477, 0.1308393630374147),
(0.19126784445610717, 0.85354073328050351),
(0.69902481822175666, 0.35358629683023224),
(0.82409100375223054, 0.68753411348445126),
(0.323951314566231, 0.19144000362615238),
(0.49805302248317557, 0.61890864089827669),
(0.93752966111219882, 0.070284013484559066),
(0.61916265068311949, 0.94514056675614777),
(0.10353305734880901, 0.46677741626428204),
(0.017687818164143072, 0.68555825496337186),
(0.52553455626904655, 0.17392603181117544),
(0.92572848340397274, 0.76576615617798893),
(0.42386767163799105, 0.26175449260101413),
(0.27743826759875045, 0.8947925705090225),
(0.77933400545517639, 0.39068012536947794),
(0.64086299893402865, 0.50592989445354475),
(0.12681750335325073, 0.013930302479283686),
(0.060672234179807126, 0.75986566377771259),
(0.55303406745244443, 0.27939535042235136),
(0.88458572126345258, 0.66605777039855352),
(0.38470270480778151, 0.16614283478254338),
(0.30080493830977661, 0.52707331154049264),
(0.80275488793620087, 0.017353245021460548),
(0.68483033298863072, 0.88448875157024154),
(0.1622434350958927, 0.38476436594215624),
(0.22004237882386646, 0.71094494505889971),
(0.74827779219823898, 0.21101062538594867),
(0.84967973320888712, 0.86351562417633043),
(0.36530886135805446, 0.36715815335163082),
(0.45906788201715054, 0.96294133468191567),
(0.99806908556198415, 0.44541627874972145),
(0.56434016182431834, 0.59563672612246144),
(0.09007630938651931, 0.084087452980159585),
(0.1424035937580648, 0.92771014721754808),
(0.63289686572475001, 0.42612912934276592),
(0.75876682833223219, 0.55284608678639635),
(0.2600707779317244, 0.052842903297360112),
(0.4200015105130831, 0.65030784673043596),
(0.92021391513372275, 0.15024295722064224),
(0.50385734052188846, 0.80292448680157491),
(0.013780528548862483, 0.30283050106158405),
(0.11123141169427743, 0.58987751366274932),
(0.6038329184642045, 0.11712503985724226),
(0.95898876005348799, 0.97652516503634368),
(0.48238106350300985, 0.47863046838253609),
(0.33009818090153575, 0.81406968771651367),
(0.83015328513938791, 0.31769395690469793),
(0.70697456502214118, 0.73276640611074761),
(0.20517823333077717, 0.24214084923469709),
(0.0059168398452976731, 0.87666575094766375),
(0.50993805495505462, 0.37690871181759406),
(0.91198848639823593, 0.51732614727098747),
(0.40810260648132729, 0.025154544500281185),
(0.25577374762586441, 0.66011425552341974),
(0.75568392282260566, 0.16389701974874105),
(0.63077973798973397, 0.75210736559342783),
(0.15429655567370157, 0.26728907885518488),
(0.21294260706587004, 0.60729901731301472),
(0.71444144712460056, 0.087867790151140823),
(0.83781065004264688, 0.95503245272301862),
(0.34174330289635768, 0.43907851815637983),
(0.47470272962704191, 0.87315633568900786),
(0.96282017523728114, 0.37321974100089261),
(0.59759876624359354, 0.70716293061326541),
(0.11915654631351628, 0.21092577673196442),
(0.16989619218087826, 0.81087489669843438),
(0.67772630849865589, 0.31073561471824329),
(0.80470649565536956, 0.64447459715248889),
(0.30675991353232734, 0.14251249356322596),
(0.3767301123163978, 0.56053028411522954),
(0.87674785714591097, 0.058604017710300826),
(0.55852331379815956, 0.93556124330207369),
(0.048577405764597743, 0.43361584329209918),
(0.079226074093351001, 0.72389324392592225),
(0.57425283041793573, 0.24861002762906151),
(0.98438522106489079, 0.82611194407450028),
(0.46688000782251515, 0.32608466280045628),
(0.37308782432520704, 0.98261459607078883),
(0.85157479590997021, 0.47628137810952692),
(0.7384358804822122, 0.58228307003802171),
(0.22662540924068805, 0.12316239932525112),
(0.099641466840160842, 0.82988173843472468),
(0.61527454229521727, 0.3298090717020834),
(0.94692358859091297, 0.74021087681979303),
(0.48834856917530084, 0.21911662445759444),
(0.32027500441056228, 0.57046767699872791),
(0.81630040169837292, 0.10782614556537685),
(0.69528346344939407, 0.99199772220360916),
(0.19722085876343506, 0.49216947903787067),
(0.13456794507331263, 0.63477333579375916),
(0.65027372453127319, 0.13491298661936962),
(0.77154301786611212, 0.79680186072279779),
(0.2719039753707323, 0.29684647796356323),
(0.43175561011029212, 0.91420504898358057),
(0.93334902864607616, 0.42185548582506494),
(0.51954961381828191, 0.54669567260013863),
(0.027300040000881542, 0.044922702756338403),
(0.2499376240548746, 0.94725174524808586),
(0.72442849375285812, 0.45606593400277812),
(0.86714961022676107, 0.61165169403183883),
(0.3477032980788175, 0.074104047305503767),
(0.44102072087743893, 0.6992300491490413),
(0.97416980357533989, 0.20111940667452247),
(0.5821295593199477, 0.84958132454508972),
(0.066429021857715348, 0.35139483608020705),
(0.039063437045410661, 0.50847094803051107),
(0.53671796698642693, 0.0019384268147705018),
(0.89643903277905812, 0.90384895663639286),
(0.39455973729744076, 0.40263828903822113),
(0.28297762586211705, 0.77744976332355986),
(0.78702343768135963, 0.25769574241527232),
(0.66412926458177046, 0.67955235958555171),
(0.17968867497100119, 0.18749196528645454),
(0.094704340746330232, 0.88695816126850335),
(0.61226065149597808, 0.38867514521295055),
(0.95023275369688087, 0.53029767993245946),
(0.48631291802995508, 0.021484407927040171),
(0.31464074783414808, 0.66899803278657222),
(0.81658532274453355, 0.16996111999722294),
(0.69026791288240907, 0.76262916316701446),
(0.19945040621286991, 0.27448562062581833),
(0.1386419291264081, 0.59859825574936598),
(0.6533789545058738, 0.079061210108903934),
(0.76844721222312662, 0.96685435082902949),
(0.26951803267919283, 0.45234305125408036),
(0.43549382989913776, 0.86128556927493261),
(0.93363932183796816, 0.36041335871492264),
(0.51826599268629614, 0.71680301912236755),
(0.029257822991767428, 0.21680999052282707),
(0.24514429438793123, 0.79862843077465684),
(0.72264287528873705, 0.29781097776222465),
(0.86134587393156636, 0.65448267516999359),
(0.34643577907389117, 0.15427991356804921),
(0.44147676536165398, 0.54786022608439322),
(0.97152396977931765, 0.048804438117213883),
(0.58102151411530278, 0.92289157370093466),
(0.065422140913062921, 0.42208743893316342),
(0.044058274274805583, 0.72753709393629851),
(0.53513753489095928, 0.23628593526420219),
(0.8936672431425764, 0.81741000862876956),
(0.39360290183068181, 0.31579795367859548),
(0.28811982288624455, 0.97162589070595806),
(0.78338692467569482, 0.48337115205371034),
(0.66900908355354805, 0.5869376576111881),
(0.18659461135664743, 0.11017743309854805),
(0.0028173545715893559, 0.84272875877347708),
(0.5137528016373264, 0.34186057874298698),
(0.90917096499849503, 0.7460483378321251),
(0.41304819366947648, 0.22661165591373075),
(0.25211517685845408, 0.56538152513305451),
(0.75202941884464725, 0.095576876854878881),
(0.62607604140173045, 0.99909514559446488),
(0.15026005649062249, 0.4922201575760165),
(0.21662645766744748, 0.62792873842379493),
(0.71786527832043201, 0.12688697635281221),
(0.84187218263931629, 0.7812682166074667),
(0.33892517608588552, 0.28517867105547018),
(0.47073315228979706, 0.90811030367833334),
(0.96614015444976054, 0.40722836847391253),
(0.59769145307213922, 0.53890650794426209),
(0.1212147993058888, 0.032187754356676888),
(0.16794805398134063, 0.94034292439747713),
(0.67480113050861534, 0.46200275137260238),
(0.81238934854092937, 0.62313269282627926),
(0.30867767490454667, 0.064478359354060599),
(0.38082763207309689, 0.69527668136556231),
(0.88234292127500613, 0.19138940758508491),
(0.56154907408801003, 0.85637226177416514),
(0.053768947862047209, 0.35641782353075868),
(0.083907582144537834, 0.50191568826362098),
(0.57140977188618847, 0.010712712642791639),
(0.99028889116522201, 0.8915414781038562),
(0.46387439285848731, 0.39549179563806525),
(0.36815343164395065, 0.77042983213430594),
(0.85555545511498488, 0.26073410750167308),
(0.73633904111606607, 0.6830322313573689),
(0.23057309439747362, 0.17674588191387894),
(0.057682078564890285, 0.98542886993604561),
(0.55074973655753934, 0.48623879139273557),
(0.88856885517165651, 0.57710812422769708),
(0.38771927275928497, 0.10253747334415515),
(0.30070189150885923, 0.73533405203139102),
(0.80060962012610304, 0.22555316138111872),
(0.68263350172650661, 0.83209456457622477),
(0.15823359025843314, 0.33487482266387192),
(0.22276978506173092, 0.5409576937121815),
(0.74297256582549276, 0.040036749525101917),
(0.84761564395369215, 0.91993440489245082),
(0.36019890002897492, 0.41505119565544857),
(0.4556964629631684, 0.79100008689470402),
(0.99432963412551767, 0.28942361099478464),
(0.56932089443347844, 0.63963923941192202),
(0.088931623553353212, 0.13889274059942841),
(0.1464538568653109, 0.84556164549267754),
(0.63682237556612664, 0.34560502523525405),
(0.76259587163332088, 0.69632872780483401),
(0.26173383881289763, 0.19826045442363008),
(0.41698851436689993, 0.6161018931721699),
(0.91699628686171664, 0.076988075483905502),
(0.50477549464497917, 0.95133489989833175),
(0.010788846272632423, 0.45909475331497834),
(0.11420030624364302, 0.67381284636369987),
(0.60644329507449946, 0.18157590146490615),
(0.95366464485548641, 0.77532768585672263),
(0.47852763627250289, 0.25084124364749827),
(0.332038297198608, 0.89936805075751425),
(0.83384071951383165, 0.3994957264064159),
(0.7070573821221372, 0.51369114811847671),
(0.20896450220422111, 0.0068001804218621644),
(0.074190409504813273, 0.75590204045203369),
(0.5908475598512607, 0.27233740420050256),
(0.98045015691579407, 0.66224515491022939),
(0.44933217898061051, 0.15819932071678089),
(0.35542914236873568, 0.52244742012280165),
(0.87106932120940406, 0.029427654120247473),
(0.72944752341935659, 0.88184673039418104),
(0.23824365859144889, 0.38099766320427014),
(0.17680968182129203, 0.70405189695464887),
(0.66114898510235132, 0.20506253430101959),
(0.79480029735646718, 0.8691840317453926),
(0.29385068852739521, 0.36819036777653208),
(0.40243623313316507, 0.95991251313048276),
(0.90147235413608517, 0.44338847002081561),
(0.54201891606456853, 0.60333470725609417),
(0.035184404387367814, 0.092774742537430982),
(0.1923826517315248, 0.93079894971257526),
(0.70023510186990334, 0.43161820765850412),
(0.82614617775552868, 0.5576382567764272),
(0.32518835615805658, 0.055849926852048204),
(0.49539451781851129, 0.64843653347193053),
(0.94236619626124563, 0.14664516729544486),
(0.62205401646780989, 0.80574556260201557),
(0.10642253194996193, 0.30552876457645273),
(0.02128178430174358, 0.58106231229433336),
(0.52838627296285745, 0.11720954547328716),
(0.92674469356413591, 0.9775094303497448),
(0.42747118160610947, 0.47165169597357076),
(0.27642173129884345, 0.82130886545979298),
(0.77638790006540292, 0.32136673823423323),
(0.64636925368908893, 0.71968286305969797),
(0.12988075728206952, 0.24330270716004429),
(0.090955770453243615, 0.96283670105072316),
(0.56341538059729201, 0.44822595636504758),
(0.99902575429689855, 0.59575523367840322),
(0.46086137852935705, 0.083026616929779251),
(0.36622044676108229, 0.71381041265291145),
(0.85063245216294991, 0.21321278693669979),
(0.74987998514880183, 0.86621555337330158),
(0.21876150626938798, 0.36439082554989982),
(0.16308823657433913, 0.52449581915780508),
(0.68383733497767729, 0.018542252165961681),
(0.8045643635528773, 0.88573126391356893),
(0.30266573948755648, 0.38567916861586654),
(0.3837521508774136, 0.75895868750141027),
(0.88282192633265166, 0.27856872251161247),
(0.55413106959988145, 0.66509087668829459),
(0.061564887400074021, 0.16581206279371652),
(0.20615135109717095, 0.81533041526965022),
(0.70528417500524077, 0.31933197445593642),
(0.83201051292586137, 0.7314566220807136),
(0.33106310822287061, 0.24021744761430341),
(0.48047726925372597, 0.59192723356880805),
(0.96003842998618483, 0.11512353976613129),
(0.60544766532749261, 0.97379218951033253),
(0.11026489436525536, 0.4784492878088264),
(0.01562468769721697, 0.65131363410157672),
(0.50196111068580673, 0.15048336532705361),
(0.92102965052506636, 0.80261903511089194),
(0.42174668550237182, 0.30264809057748665),
(0.26145978419618554, 0.92773636533704706),
(0.75969792966967697, 0.42870457884775548),
(0.63472739287738311, 0.55185307485244273),
(0.14155359326680261, 0.051745285688356908),
(0.035060362975017155, 0.786147516697557),
(0.54504770818642856, 0.28402916926032218),
(0.90375700345624332, 0.63084353398261783),
(0.39952876014852656, 0.13101438558613399),
(0.28906821667098853, 0.53303339898467339),
(0.78908988498098664, 0.037054917165967025),
(0.65718846473304027, 0.91212859427918636),
(0.17571386026623623, 0.41307594477754644),
(0.2420174989124482, 0.74805253906467539),
(0.7316707770476677, 0.23142893623688326),
(0.87413646882454688, 0.83889728622404802),
(0.3584603125318897, 0.33795979719825198),
(0.4473887932786495, 0.99327398525218635),
(0.98243009491005162, 0.4973958829937023),
(0.58974128548439309, 0.5693299423661381),
(0.077567590046638796, 0.10055724927517246),
(0.12597184556956112, 0.89747726200079248),
(0.642557835616269, 0.39348357293964009),
(0.78036757623928021, 0.50580911067305723),
(0.27833793316612543, 0.012717467198411291),
(0.42481769815184028, 0.68467143874446135),
(0.92466782069349962, 0.17279247483867066),
(0.52646285432929796, 0.76855232508558358),
(0.01948969964863391, 0.26469787753662238),
(0.10537624603861276, 0.61952475672313168),
(0.62036182568287179, 0.067392769938744296),
(0.93942167946705402, 0.94252371365198606),
(0.49992375889052409, 0.4667990971426863),
(0.32320717460432452, 0.85350104005797223),
(0.82233887451673271, 0.35259606763556989),
(0.69818986757262769, 0.69042209802811905),
(0.19042483102030802, 0.19427635032108109),
(0.025464098701564571, 0.9160502066492151),
(0.52059160056749032, 0.41902503233394139),
(0.93169571286404484, 0.54487095248026052),
(0.43359366535873656, 0.044917259152410564),
(0.27332022717581012, 0.63383882375517908),
(0.77263856989248647, 0.13377129703678506),
(0.64921448656181679, 0.79395538390648701),
(0.13296322484751269, 0.29395576327318662),
(0.19619782464195845, 0.57321578529495298),
(0.69342863569543145, 0.10741733809778113),
(0.81445944337308041, 0.98936182803732986),
(0.31926118178765223, 0.490185453217583),
(0.49021770861187902, 0.830845859147194),
(0.94626694213615148, 0.33104979074441476),
(0.61623554063957475, 0.74036818251506475),
(0.10067931483896915, 0.22165305446175854),
(0.18149512514727612, 0.78032346233890937),
(0.66598892610802807, 0.25550546760885579),
(0.78520799337825475, 0.67679910868525173),
(0.2815408809131224, 0.18461027761085511),
(0.39565238043398765, 0.50978065222032098),
(0.89548739638141939, 0.0029090132269625583),
(0.53518043440623075, 0.90608660676393293),
(0.040119654223295921, 0.4043232008205736),
(0.068355222157389109, 0.70199023118739345),
(0.5830858515556816, 0.20117455743385895),
(0.97356703190430283, 0.84964072271193891),
(0.44040945991151714, 0.3495133401852234),
(0.34960265599370149, 0.94739817165834861),
(0.86618179095983139, 0.45410858710980179),
(0.7236133993629793, 0.61117969867069144),
(0.2480725391575784, 0.071389118974262381),
(0.12031657492926738, 0.87213220818682591),
(0.5957258734029337, 0.37209438498279795),
(0.9610182190840183, 0.70994136407073904),
(0.4756545500913556, 0.20809469209855902),
(0.33994236622209051, 0.60743230867891373),
(0.83684350899727999, 0.087953634255293026),
(0.71289336691892979, 0.95595072111760548),
(0.2140141291970738, 0.44042833878541043),
(0.15332003394258631, 0.65815245596746863),
(0.62985354143850225, 0.1611296938331814),
(0.75482045981357904, 0.75103069436183822),
(0.25487925221381941, 0.26850165128139825),
(0.40719100755530718, 0.8770423509894133),
(0.91023699673268221, 0.37788365696504872),
(0.51078056220940427, 0.51855170428727282),
(0.0077384598670218324, 0.02625592290906073),
(0.22756926920844622, 0.98156018626256714),
(0.73933595378219785, 0.47375707946309348),
(0.85258136135858054, 0.58406755551413059),
(0.37411998014259207, 0.12293211875195081),
(0.467857083991436, 0.72462331417665748),
(0.98538839868690953, 0.24728366975670332),
(0.57537785225262783, 0.8262387331587826),
(0.078130158562884314, 0.3262662049815746),
(0.047039298245775289, 0.56063458041006031),
(0.55665015672309426, 0.060580718310219557),
(0.87592353489703922, 0.93546878274433398),
(0.37587233930208808, 0.43647030770725459),
(0.30768065846002285, 0.80965877169570344),
(0.80577844706983071, 0.30960794328259433),
(0.67622728858247272, 0.64257023222010035),
(0.16888537056752256, 0.14347480976263632),
(0.063444369422471822, 0.92384977946483404),
(0.57912729326478041, 0.42469757453711265),
(0.97069467136025167, 0.55072607655439598),
(0.44433250618790177, 0.050384589493014373),
(0.34463481754109776, 0.65429008604636618),
(0.86105826632407878, 0.15528385855897833),
(0.72044852554330008, 0.79978901043625361),
(0.24245507657640702, 0.29980163246644731),
(0.18362628182583796, 0.58977019487241766),
(0.66997139721691623, 0.11213200935321992),
(0.78218227641612226, 0.97064309211138511),
(0.28516805857557659, 0.48234640090074093),
(0.39169573857343881, 0.81936286285150883),
(0.89226589246645616, 0.31350962087643369),
(0.53313694373722165, 0.72947454932575828),
(0.046870570423300624, 0.23805296163235684),
(0.20217693691990693, 0.76474280980751497),
(0.68855882776072874, 0.27639121889632418),
(0.81935770894404902, 0.67094954894003256),
(0.31266958779973053, 0.16898288805701567),
(0.48823976062193208, 0.52860003926333476),
(0.95120208649962057, 0.020526870028051456),
(0.61124078194674436, 0.88867410646329548),
(0.097638306688274917, 0.3877241055056993),
(0.029311901451352138, 0.71591190628666379),
(0.51658643138521254, 0.21485134569824915),
(0.93556612715893006, 0.86149920552860526),
(0.43663675912042332, 0.36322293308117515),
(0.26661125077977599, 0.96613865925498377),
(0.76755621978868283, 0.45016844407709017),
(0.65435349984739499, 0.60047996323042807),
(0.13875923987837541, 0.080122147630614912),
(0.050815311680515229, 0.85830042361769809),
(0.5586397727641037, 0.35838354751961193),
(0.87983774944191473, 0.69224261615648552),
(0.38271579937730393, 0.18824184130956176),
(0.31239580680455253, 0.6221156833816508),
(0.80952580881967551, 0.063473284777136749),
(0.67357582582042652, 0.93845556004813879),
(0.16411671976861719, 0.46303578226404785),
(0.23362530087821554, 0.68064821823632515),
(0.73442037496418366, 0.17965339026786392),
(0.85834124972962578, 0.77259801944433892),
(0.37109367099510665, 0.25973875049341577),
(0.46093873393259316, 0.89359768657281202),
(0.98914999259662983, 0.39842047255773688),
(0.57232964242637352, 0.5038129476107126),
(0.083984639268268657, 0.0089475274437005314),
(0.15223575192846675, 0.99668859304389446),
(0.62697772658860618, 0.49422981920598752),
(0.75002223469164897, 0.56340627050117553),
(0.25104342986930178, 0.096597813492759643),
(0.41210095646906569, 0.7430407602685698),
(0.90711198619699984, 0.22858404639268443),
(0.51281040607620765, 0.84082100333444931),
(0.0018262748877767797, 0.34173336005539195),
(0.12499427544158458, 0.53543551664625277),
(0.59965080862734876, 0.034170304833889741),
(0.96787238195676384, 0.90926986919974306),
(0.46967281524781784, 0.40904142605678173),
(0.33700281791987929, 0.78327552827490066),
(0.84123597239142445, 0.28730200013353929),
(0.71497784013549115, 0.62596406620695388),
(0.21682894198892852, 0.12877010440878464),
(0.0087884554628252561, 0.94933495634597076),
(0.50677794141688293, 0.45805376153310884),
(0.916003009062891, 0.61510922752456465),
(0.41601090956226627, 0.074309779665829717),
(0.26386720066797897, 0.69731505553543327),
(0.76461483358030002, 0.19634721697052282),
(0.63969651965961472, 0.84663169761714885),
(0.14655629804799797, 0.34661262783037422),
(0.21073630496061649, 0.51358107400521613),
(0.71093483533071444, 0.0057702415788772523),
(0.83398856296244439, 0.90149708805314499),
(0.3339922490310574, 0.40136005414578668),
(0.4784160833999121, 0.77644301294179208),
(0.95607924756911844, 0.25240103825076832),
(0.60831828565390034, 0.67466904185123722),
(0.11546518662475022, 0.18264308563764517),
(0.15814126248283569, 0.8340060235324066),
(0.68148055087375248, 0.33298167893124708),
(0.797754953756176, 0.73825270292882994),
(0.29876617122581339, 0.22457555793952741),
(0.38955519829265128, 0.5751697552369387),
(0.88981859979558264, 0.10448966930108905),
(0.54876490717940629, 0.98639898241905011),
(0.054695089708765271, 0.48639598145759672),
(0.087018393950993603, 0.63780659762109271),
(0.56737709452141638, 0.13740772280506197),
(0.99317659011120407, 0.79120168107993538),
(0.45496270989534277, 0.29294549861335373),
(0.36325018111013524, 0.91896014504496204),
(0.84564010106295284, 0.41698962902398889),
(0.74513693669512027, 0.54114443906130727),
(0.22461822046039123, 0.042939869109508248),
(0.109288953054566, 0.80772258321528989),
(0.62398495945261401, 0.30669848295436519),
(0.94432998715028427, 0.64645929718918782),
(0.49318359628004504, 0.14551332908311287),
(0.32707324798597937, 0.55478063296396174),
(0.82713183099977383, 0.057748583709061684),
(0.70120317638577956, 0.93263172887656842),
(0.19336930054568319, 0.43287248538997014),
(0.13177877448999087, 0.72166715124623582),
(0.64648479442769513, 0.24526258145671359),
(0.7753541248035164, 0.82235508230905752),
(0.27537847631186441, 0.32327449641186945),
(0.42773553520079366, 0.97856717951501826),
(0.92869233085687475, 0.46954251461507096),
(0.53030741492411226, 0.57902089021550729),
(0.021529231692067188, 0.11921680658606422),
(0.23628738421800219, 0.87899277703326362),
(0.72847721542233912, 0.37895994558973306),
(0.86909435431652737, 0.51955529618495),
(0.35254391987792127, 0.028320414384369538),
(0.45168539248205475, 0.66112764990107453),
(0.9775554480188684, 0.16009962514445403),
(0.59193901256844483, 0.75492501166121473),
(0.072256199380869815, 0.26968900474022095),
(0.03789687809499815, 0.6035326980385991),
(0.54007235013828225, 0.089864986361787913),
(0.8994702375710657, 0.95891800824918849),
(0.40435865179049746, 0.44148992345470445),
(0.29501129683530564, 0.86814664073974257),
(0.79685864948881113, 0.36924903932186881),
(0.66299857837095333, 0.70607438998737138),
(0.17781606670064223, 0.20603262895016772),
(0.11324576726748245, 0.97557538481627692),
(0.60254929098262455, 0.48045697378964392),
(0.95893024570238228, 0.59160353389735054),
(0.48256817648082717, 0.11529794165641753),
(0.33004760021533908, 0.73373104366185371),
(0.82994352998773346, 0.24024572400688091),
(0.70321787706176864, 0.81346654647033878),
(0.20430227736999212, 0.31737285137988513),
(0.14258602198474904, 0.55379941251136422),
(0.63567100425139644, 0.053714000338210825),
(0.76066178127414752, 0.92657663069084673),
(0.25884109264481225, 0.42685541437641594),
(0.41987932178370568, 0.80463842937911756),
(0.91896114550924812, 0.30375672938849291),
(0.50194408720013928, 0.64920890307750867),
(0.013645172890263636, 0.14936327020724272),
(0.22078860264277561, 0.86426142579290399),
(0.747965426058539, 0.36538087067461639),
(0.8494236900408888, 0.71194420440258288),
(0.36512151394798603, 0.2119230874010794),
(0.45801206504284525, 0.59465942463887744),
(0.99709958406379462, 0.085902392401206715),
(0.56538763769383804, 0.9646546000645283),
(0.091972462334623917, 0.44629276514670091),
(0.059580385945112259, 0.66776369357626453),
(0.55179781783583126, 0.16706796598855322),
(0.88570352378802397, 0.76164636503277672),
(0.38479668516780691, 0.28033441103635304),
(0.30338849081046043, 0.88378244226878744),
(0.80271710662842266, 0.38374589340416809),
(0.6855947949306882, 0.52633276974328869),
(0.16128546924816067, 0.016542222292457987),
(0.016652137366325658, 0.76662254626259418),
(0.52441463821368195, 0.26343835473561694),
(0.92312479269149905, 0.68657579010857261),
(0.42376992779175732, 0.175762184646056),
(0.27943820629352273, 0.50779325825437638),
(0.77835456905481992, 0.014756018154687283),
(0.64260411785666249, 0.89551001013515752),
(0.12764989527393464, 0.39160944951300969),
(0.18934020620105793, 0.68944689659677671),
(0.69711399868472679, 0.19335817506188685),
(0.82140890624931662, 0.85541118746536959),
(0.32219344998557253, 0.35477465593521779),
(0.49710876879768856, 0.94336794513623923),
(0.94041485491876109, 0.4651172427840688),
(0.61906306689696899, 0.61770147560373245),
(0.1034449065295877, 0.068455120157803848),
(0.17320846186306318, 0.91110962047937893),
(0.65916825494163189, 0.41107767695656611),
(0.79105852856399372, 0.53507791244216674),
(0.29105165757930151, 0.038042879899869306),
(0.40044849585073267, 0.63178887794330474),
(0.90429808964024461, 0.12951895369828612),
(0.54396117624400209, 0.78715820186072827),
(0.033164266730958472, 0.2822099277733382),
(0.076047708841662259, 0.56738017983185407),
(0.58695620156823469, 0.098757909629134444),
(0.98153421998305324, 0.99519024418432422),
(0.44630267705034615, 0.49911190819154477),
(0.3565602450288341, 0.83692767636288667),
(0.87211604612905302, 0.33699033251229904),
(0.73243231531504993, 0.74623391696893426),
(0.24020936403855658, 0.23437236052937585),
(0.042931683848337621, 0.90238481953652927),
(0.53799288640603704, 0.4033270866723544),
(0.89650722996069132, 0.5088703426485498),
(0.39841621002438415, 0.0008823408640883315),
(0.28397683256074385, 0.67776613191883639),
(0.78715654565405024, 0.18558504030338563),
(0.66698349639172561, 0.77840194542094199),
(0.18168210449156352, 0.25588191695822243),
(0.24707713700441733, 0.61300020890428475),
(0.725566639403042, 0.072282095665349683),
(0.86437405165029213, 0.94627419193221296),
(0.3505403368529969, 0.4560166040409534),
(0.43938027628936915, 0.84766769309232937),
(0.97465531770238767, 0.34994318491754195),
(0.58403949989938253, 0.70026908792394693),
(0.06919637753603905, 0.20010294196137285),
(0.13569221573548773, 0.79588740472804509),
(0.65101068814066154, 0.29493317077796594),
(0.77139756354658062, 0.63576207637242699),
(0.27057646434589849, 0.13599613249332232),
(0.43067082378293092, 0.54499606615643592),
(0.9307510837581866, 0.045957583329044961),
(0.52163488992490681, 0.91592418528293407),
(0.024529902181118213, 0.42081062698694865),
(0.099471603698769478, 0.73923143124101387),
(0.61514987848755021, 0.22067506649287763),
(0.94824206340152228, 0.82908667826078974),
(0.49023959677455814, 0.32904995570561552),
(0.31745858423825146, 0.99030769675869557),
(0.81444679654629715, 0.49119061320886703),
(0.69241719334494944, 0.57219146986484537),
(0.19918761862541617, 0.10852686910650601),
(0.080112886420121071, 0.82428765491357847),
(0.57624739407586179, 0.32432712931499391),
(0.98726343046086273, 0.72361359780081591),
(0.46585108532876007, 0.24905660044039615),
(0.37220398331541976, 0.58397559651496711),
(0.85448718453156758, 0.12428327659983457),
(0.7402883657962317, 0.98343262749531657),
(0.2295263756650473, 0.47558115571559678),
(0.17084592203662818, 0.64352973986439588),
(0.67870454399293223, 0.14135469546248103),
(0.80668556073937692, 0.81153666719645956),
(0.30628327178536846, 0.31160989253266275),
(0.37779165289348288, 0.93749460666322504),
(0.87784713720592389, 0.43463030366897454),
(0.55565046752371683, 0.5586388153747518),
(0.048846797008394498, 0.060305375897975654),
(0.21284544592980967, 0.95407543027511899),
(0.71285469305176585, 0.43835425971231012),
(0.83789139832096293, 0.60548478848398091),
(0.3418922403344421, 0.086908196728404247),
(0.47451213407825338, 0.70807696503814943),
(0.9629282682834317, 0.20981444968101134),
(0.59476670029309064, 0.87409598275423372),
(0.11824277395611403, 0.37404573159515797),
(0.0058072440202421105, 0.51657699951153568),
(0.50972831569000565, 0.023687637931439704),
(0.91218117743637039, 0.87592276315356166),
(0.40832413645962073, 0.3751315239200293),
(0.25677718904157859, 0.75354026948359354),
(0.75774893237073537, 0.2665688244223095),
(0.63169243926893992, 0.65916484106670536),
(0.15437494472069793, 0.16308192373614447),
