(0.085032448717433665, 0.89161127730485767),
(0.5737770642329747, 0.39631406477899123),
(0.4896747540663523, 0.00050404113300935515),
(0.96274557974810115, 0.51154352466807118),
(0.86878846623087913, 0.1891978920513987),
(0.36537938900744715, 0.68291743051694687),
(0.73125692901430561, 0.76024565171623149),
(0.24180739933089801, 0.27177282030625172),
(0.66944398639548242, 0.1124704691840375),
(0.15288263764235868, 0.6232359744523529),
(0.80150647021937538, 0.95212794880409712),
(0.30490431022672093, 0.47128926394089887),
(0.8813829494036528, 0.35947932795635895),
(0.37969560972318123, 0.857017459260911),
(0.55643563297865528, 0.69030388597051895),
(0.062177974044595435, 0.12994084188382429),
(0.21812534774432438, 0.78282196204553089),
(0.71305976109962321, 0.28136356332767981),
(0.34010403890911683, 0.22185960117181802),
(0.83628453059539642, 0.62509876399860898),
(0.12470998976148059, 0.41842491642176893),
(0.62356441629373582, 0.9074643808209184),
(0.46835326495705326, 0.53750656861775348),
(0.96931367428477722, 0.034394299056921193),
(0.75013019469260678, 0.46373847699996806),
(0.25894750376296716, 0.99930381640899568),
(0.17950265637047216, 0.092285529908745972),
(0.63714536387341891, 0.56415962447804813),
(0.4322400038090054, 0.34333633286594245),
(0.92117927951827538, 0.81511353337565839),
(0.50000088128585873, 0.17922453212423248),
(0.027916831200629544, 0.72019837286556387),
(0.84385801958955897, 0.80067545530761808),
(0.34546893727478972, 0.3121211404383944),
(0.74884807008917631, 0.23562875138634048),
(0.23387955954553144, 0.65494340944312535),
(0.076479767008007335, 0.047560097419751472),
(0.57870451724669913, 0.55089528338316252),
(0.46922141379558546, 0.92211082215646145),
(0.94662637714117459, 0.4227448698048088),
(0.40602954758314769, 0.15752365215382935),
(0.89659446155317568, 0.73505107797105129),
(0.53139802651964951, 0.31273701719572405),
(0.032078309390031583, 0.82866584688601053),
(0.29667557357397584, 0.57816756403851177),
(0.790141150994078, 0.077182091268356304),
(0.13941646145683795, 0.4528657499859074),
(0.68624680386360237, 0.98305511180862282),
(0.98657357155386083, 0.88949022900486741),
(0.45029444213862979, 0.39054809943935259),
(0.59507805829999849, 0.031218185379292645),
(0.096098965287164329, 0.53116836318623517),
(0.18892193393550891, 0.20355151645997588),
(0.69509096199013398, 0.65668000634576251),
(0.31939703724721674, 0.77544370939414831),
(0.82791409948212702, 0.2646226040111464),
(0.28113361044458396, 0.10802510322726325),
(0.7656909689587883, 0.59580955484172182),
(0.6552991240825613, 0.4854858960356751),
(0.15781078853657737, 0.96754308289861524),
(0.42114206254461967, 0.71746695855501341),
(0.93632312298861298, 0.14166819474016368),
(0.015582652382538763, 0.34428239423317258),
(0.53101728440319573, 0.86055409040427455),
(0.78889789748075778, 0.70436846240878626),
(0.28811476083019538, 0.15617625070152449),
(0.13269605714336011, 0.86731875633838906),
(0.67226867123321787, 0.35934610780300985),
(0.5461082787997209, 0.95371001843820946),
(0.039554689338541525, 0.49272454704340585),
(0.89956077282157987, 0.094227045612476745),
(0.39828643098618582, 0.60200747157689183),
(0.85183844764953187, 0.38230163116846111),
(0.3516108373424443, 0.88224598625498885),
(0.21898073374932098, 0.023256670914945342),
(0.7350600190780221, 0.52342772402522919),
(0.59333878263896123, 0.21753971753753423),
(0.070120932757322119, 0.66446003523185038),
(0.47701633404828003, 0.25067740894254681),
(0.94491089856397303, 0.7659361106114726),
(0.26596452616793548, 0.7427855359818909),
(0.77979540315304186, 0.16407686776621117),
(0.16407239926095385, 0.32704693285227576),
(0.64748474507634257, 0.83634591390120161),
(0.51587710367425388, 0.44364856737318042),
(0.0067931864845279287, 0.96929239515563914),
(0.41124003753223232, 0.062675398665050772),
(0.92206007105146981, 0.59367976858076266),
(0.10198031904854665, 0.24975792171430505),
(0.60929848126249153, 0.64103182288570215),
(0.44464754309570914, 0.80556162509915352),
(0.99306741068405802, 0.29691144015924842),
(0.20306432387542758, 0.55469597035372609),
(0.70306831526999258, 0.055449723720659191),
(0.81972510301029367, 0.92973929494353991),
(0.32809459738015651, 0.43013449864617037),
(0.047504609288388351, 0.57791572651733369),
(0.54765858090816777, 0.085868458632773703),
(0.39046283031201012, 0.4608899325175731),
(0.88849636383063124, 0.99095799388490002),
(0.65663778381496596, 0.7281107145295812),
(0.14065148066884786, 0.17992754251709719),
(0.29809092531047293, 0.8276159331278643),
(0.80484301256308388, 0.3311132680960458),
(0.71994192073718966, 0.40648265496044017),
(0.24240034741555519, 0.9141309208321593),
(0.85939005295965532, 0.53953669638623603),
(0.36746310885604205, 0.039982167214972213),
(0.95384365882413302, 0.22660339852656447),
(0.49252654142824964, 0.6329132416462272),
(0.56912322533394111, 0.78958599479293079),
(0.088068936549902513, 0.29680099079801042),
(0.33592534389825857, 0.50650784520824255),
(0.82849263487067126, 0.015457736333549656),
(0.21072717768187868, 0.40237498385428627),
(0.71089041599494884, 0.89864633146912121),
(0.45348392150244421, 0.20108794759705237),
(0.97700679193825601, 0.6727760211192505),
(0.11707342391987229, 0.757166952243985),
(0.61596457347673328, 0.28115232655143174),
(0.76404426506078427, 0.84399592027037196),
(0.25729812224293525, 0.3672694705813821),
(0.17985730468485991, 0.70255348815052954),
(0.62573136467334278, 0.13813061129343834),
(0.015780456587094767, 0.11775965464281121),
(0.51489213002147027, 0.6095127922484983),
(0.90652673966077613, 0.47663267204154541),
(0.42237096915363953, 0.9427967208386494),
(0.60158095019969948, 0.47289089672106677),
(0.10550900442844478, 0.94608600566941303),
(0.44108376778412972, 0.11328437152945772),
(0.99927142915412082, 0.61725774129774813),
(0.19564557699599566, 0.36355703124736261),
(0.69568244139177959, 0.85179078427358357),
(0.32039687392081034, 0.69431747247132225),
(0.81634838547143518, 0.12524836858223976),
(0.77476854124379724, 0.89787063035307602),
(0.27304667548771305, 0.39437644867276556),
(0.16821331608480961, 0.51224662789257369),
(0.64088089243319912, 0.0074103991263712327),
(0.5195324726863173, 0.68369778445442075),
(0.0035919239958652933, 0.19156364209963786),
(0.40664402905294394, 0.76554989046985922),
(0.92661358333942223, 0.26948084018373308),
(0.67967100552932602, 0.53333348980820727),
(0.12880202568418583, 0.035904072458731784),
(0.28504120672038302, 0.9109797511733424),
(0.78393065980308596, 0.41409157557233994),
(0.043330120950825057, 0.62892369651236668),
(0.53922318233913313, 0.22564138311489021),
(0.39447887210230104, 0.28529359767311135),
(0.90235170869958981, 0.78533632956067023),
(0.74106277945226251, 0.33942083131694517),
(0.22615581156886816, 0.82028218688061794),
(0.85558754074880494, 0.72283469519431187),
(0.35616030831196283, 0.17201777990689007),
(0.066321943373501294, 0.46496165277540358),
(0.58662998823041468, 0.9922088374339153),
(0.94125623264312297, 0.086131044050995462),
(0.48411536493492918, 0.57010828838335748),
(0.88614453838832963, 0.21077577725039812),
(0.38628176592438657, 0.66029324422578362),
(0.050833919753849412, 0.25945821901714694),
(0.55084270624329079, 0.77814228731558033),
(0.14814154343990008, 0.88671777251648198),
(0.66017891325192224, 0.38659044238555479),
(0.80866573079532833, 0.52444529563583231),
(0.3045828766598499, 0.027200014607035777),
(0.24612792944379402, 0.14574491579876783),
(0.72282053278438274, 0.71100739444253114),
(0.37123166461170187, 0.8666925461766537),
(0.86344523790287186, 0.34825181632507357),
(0.56574853429036753, 0.10533286873995186),
(0.093421183546430461, 0.60102994503616858),
(0.95729413258325302, 0.96115272229444437),
(0.49622065352936184, 0.49193535912139041),
(0.50787236144589842, 0.30470562109210675),
(0.019883293974354382, 0.80085756297990673),
(0.42623115962982555, 0.24203228805276558),
(0.91058590456913069, 0.65227780327835594),
(0.6325311120485253, 0.9294362635130794),
(0.18410493322715243, 0.4292437808538237),
(0.75799604747399019, 0.051006701240622683),
(0.25386614268686808, 0.54709532959075957),
(0.45712174279148288, 0.97705257810503898),
(0.98410700537609908, 0.44906513246534996),
(0.11005433696756604, 0.073608228904976869),
(0.60950133767537007, 0.58543401359555791),
(0.70671423037072301, 0.16378293957555087),
(0.20693118846719166, 0.73883500668086621),
(0.32816754517711322, 0.32024574688277896),
(0.83214261153409441, 0.83564506985019149),
(0.55885265573282106, 0.43697903065208948),
(0.054694361608933081, 0.93458977952159594),
(0.37880540740758267, 0.062063902695857674),
(0.87888387581213145, 0.56236133744904282),
(0.14859076414931136, 0.30088017284286867),
(0.66788633641044892, 0.80884882336379615),
(0.30895581412770556, 0.64453172269197756),
(0.79729826510273927, 0.24220988715834663),
(0.87120741428940174, 0.97269229854575467),
(0.36267502884670366, 0.43834766790884033),
(0.23512282586407257, 0.5898021137548205),
(0.73019299904185364, 0.07009611583877072),
(0.57799384080295968, 0.74616111656587414),
(0.081542292499974578, 0.17176037313349229),
(0.48441127396557526, 0.84037151715441949),
(0.96508302235678967, 0.32365152250256518),
(0.71490420944493049, 0.60844697155452188),
(0.21478935208158551, 0.10144454326786959),
(0.33949616673021532, 0.96048997482385623),
(0.84367543081499929, 0.49647444225723203),
(0.11750023897622557, 0.70710368675767354),
(0.61727486373706997, 0.15213251633118199),
(0.46462611396091935, 0.355225694122901),
(0.9729689329956186, 0.87132769128959109),
(0.63656312172781226, 0.25449550176589514),
(0.17191886610407062, 0.77125803657682634),
(0.75420438720981531, 0.66807068233583011),
(0.26201216121316029, 0.21280682507631318),
(0.026540981948380858, 0.37889137299477754),
(0.50398626437617411, 0.87792928707725426),
(0.91779026765548521, 0.0192955088010528),
(0.43373327795753891, 0.51587472594169825),
(0.9884505470458802, 0.18424941757694427),
(0.44903137375151125, 0.73400536873547384),
(0.10093116908199581, 0.33580574581599465),
(0.60145197374649961, 0.82412308128211686),
(0.19487033168550394, 0.98805808569494835),
(0.69117318958130425, 0.45361572367116604),
(0.82109247026501675, 0.57403001625660033),
(0.3159826180131376, 0.07892333590903762),
(0.16027550483948433, 0.23425648082887388),
(0.65232256490191265, 0.6384445294026434),
(0.27379347681821464, 0.79303890256046605),
(0.76967810819116889, 0.28962403822892047),
(0.52364272642828458, 0.043011292564336952),
(0.0078138073772385363, 0.54350572242661788),
(0.9298527781181638, 0.91800301660882067),
(0.41427102130625532, 0.41374435754116951),
(0.5859325818997102, 0.37144713299932136),
(0.073205335159113344, 0.84765992807270529),
(0.47648295045998323, 0.13653262238564112),
(0.94945705008553094, 0.6991809889709556),
(0.74408966744555705, 0.94134895050368683),
(0.23028945580130195, 0.48080813919035414),
(0.85148646875663314, 0.12131099399005424),
(0.34897675170383824, 0.61380441522706664),
(0.39986863234812003, 0.90267830228587964),
(0.89409784634052025, 0.40232996837450802),
(0.037996470580013125, 0.01153886655189405),
(0.53899711251749827, 0.50344064105000852),
(0.67968996796058379, 0.19916491838097491),
(0.13640998010794159, 0.67609907581132034),
(0.29292516847669003, 0.27689301224602958),
(0.79582086710931521, 0.75385696793211221),
(0.013415582201863931, 0.86213196872869069),
(0.52751288648792982, 0.3475824753050718),
(0.41969131584558533, 0.1426307498348629),
(0.93360297230614375, 0.71648512850025126),
(0.15844723479621728, 0.486329556421983),
(0.65238497021869735, 0.96487041128218587),
(0.76779069065739591, 0.10738727893610492),
(0.27761100004188538, 0.59564118112207787),
(0.18945883927270776, 0.65864267209569971),
(0.69322843246720911, 0.20698187761603296),
(0.31815579662051657, 0.26177282942141228),
(0.82431240977911302, 0.77355146102936023),
(0.095545632575462017, 0.027406475114437868),
(0.59759561398225036, 0.52738354785054675),
(0.98453939011639147, 0.38861368501220694),
(0.45162633228427923, 0.88672397237024092),
(0.47243815325917404, 0.42567097481303806),
(0.94919038729936323, 0.92552649692221345),
(0.07426038022223487, 0.55465205909772008),
(0.58015600022149361, 0.050719855120045329),
(0.34762595876153485, 0.79862854016405904),
(0.8474011846422741, 0.31040907285840313),
(0.74617617883186549, 0.65236962906622886),
(0.23059958653645063, 0.23633501109779864),
(0.034800909627648383, 0.31456323431299421),
(0.53487630312299694, 0.83008076824733967),
(0.40237937163305437, 0.73811744827181625),
(0.89635781962951477, 0.15832191982766475),
(0.68373964626886619, 0.44933164210843252),
(0.13673719636879603, 0.98218443531246002),
(0.79161982228054784, 0.58037654522094406),
(0.29310543990794125, 0.074397159766194709),
(0.91992058865475701, 0.34020603322058313),
(0.42974207306086737, 0.8141487458173724),
(0.031249769110203711, 0.17591256501912364),
(0.5020756326426894, 0.72262399448183079),
(0.6387900212910298, 0.089908706649132739),
(0.17578656251091776, 0.56605644252062048),
(0.26165578927175809, 0.46126733024109756),
(0.75225808922426507, 0.99611879590260366),
(0.71128276772262, 0.78514555106648476),
(0.2148679227028904, 0.28460700602487116),
(0.34180602467146681, 0.62886510213783342),
(0.83796347108447378, 0.22063075045871192),
(0.12113490108888651, 0.90973090552561497),
(0.62128514721729666, 0.42054731324512906),
(0.46498393940850491, 0.033070792217232303),
(0.97251871310812454, 0.53693321336288991),
(0.87104193566574073, 0.67969193657284099),
(0.36494273113605269, 0.19134530286831414),
(0.23830666850717741, 0.75822632325037909),
(0.73434681945133862, 0.26969423522013281),
(0.082095155464250114, 0.3967140816727287),
(0.5721671002168236, 0.89352935536040468),
(0.4904641297835225, 0.50976473993462745),
(0.9637142492526386, 0.0019716779522133375),
(0.67164604059381228, 0.62126576720993509),
(0.15438064910328061, 0.11131857154436731),
(0.30670987968511543, 0.94942041633914309),
(0.8027514820990912, 0.46880020357261776),
(0.38087631783068243, 0.36306621519226401),
(0.8808582451438175, 0.8592846114979541),
(0.058850618838869807, 0.68944437280919435),
(0.55687724640346015, 0.13272124275949487),
(0.33393850712336842, 0.01186763482522952),
(0.83018497387967638, 0.5058336744766323),
(0.20706222774081612, 0.90063551762783201),
(0.7071408529149853, 0.40475761334644694),
(0.6152032770063024, 0.75579926107762663),
(0.11514021755228238, 0.27903464888609369),
(0.45590175065683791, 0.67441328240084031),
(0.97872283562802886, 0.2030848110072094),
(0.51362277914664545, 0.11929256613417577),
(0.019506672394236899, 0.61166989068526212),
(0.90820769861090711, 0.94529936206165277),
(0.42479785519172913, 0.47856047493195286),
(0.62706186670480468, 0.69936415453837364),
(0.18343781692381758, 0.14053096328376014),
(0.25581182022561205, 0.84756001144214399),
(0.76330522184506988, 0.37085261039375045),
(0.49599497994570324, 0.22855698706549896),
(0.9552116874616059, 0.63490164893946932),
(0.56821942518876145, 0.29300030614304656),
(0.086035381859210919, 0.79278243286256389),
(0.86316678342487552, 0.042778139342582816),
(0.37098902515495358, 0.54273422035158658),
(0.24434364812460804, 0.40995472108303133),
(0.72246295123390802, 0.91789241726982329),
(0.048828925840768665, 0.083911277563600131),
(0.54904300255549632, 0.57613609208475181),
(0.88878502812432147, 0.45715039031772303),
(0.38848452124738631, 0.98828778497464109),
(0.29890880747641219, 0.32986598467580747),
(0.8067043735666285, 0.82455040639330912),
(0.6583474020664265, 0.18193864196116658),
(0.14449838012065805, 0.73044239899591235),
(0.32580074151431315, 0.93177020439330649),
(0.81825041632019591, 0.43357276965170216),
(0.20035643845577092, 0.058424347964787161),
(0.70107573803991907, 0.55858452495157451),
(0.4433282658085298, 0.29892521057922156),
(0.99428314404838758, 0.80792895193157366),
(0.10543017834305053, 0.64262163858325549),
(0.60551326126314087, 0.24707468584446299),
(0.16778465577714002, 0.83795417814801298),
(0.6447425509581971, 0.32426776931270157),
(0.26759446889628702, 0.16789252543445154),
(0.77745931785312172, 0.74447113698040024),
(0.51779100459110017, 0.97260329583897331),
(0.0058151103274509779, 0.44191536068731774),
(0.41396026694879506, 0.58992706325390898),
(0.92403455586907091, 0.064587930213770767),
(0.35373181356651157, 0.38061759943211587),
(0.85362715051298765, 0.88075343552119822),
(0.2220887846078643, 0.51973680641589826),
(0.73668966622919996, 0.021394777650412002),
(0.066640083774833506, 0.21669077739719353),
(0.5900277853424799, 0.66790371726285347),
(0.94328934945580067, 0.25200948972032505),
(0.48026597878179145, 0.7694644225070908),
(0.78671525912849649, 0.15236508933644091),
(0.28522121542090084, 0.70685542452740646),
(0.67411230474068018, 0.87107347906422639),
(0.13072891150103219, 0.35723791994354415),
(0.39455316432930754, 0.097586053313112042),
(0.90047140454188368, 0.60542874803323266),
(0.041076375752449643, 0.95701786689408075),
(0.54488049141313466, 0.49420443754686882),
(0.5370481431921561, 0.0080735478158552362),
(0.035294742298049464, 0.50190892775459139),
(0.8908329059225778, 0.9043189583884359),
(0.40042200631708069, 0.39860202765680691),
(0.13320149730647113, 0.19726137840186095),
(0.68190154056035779, 0.67950258202952141),
(0.7948911889702267, 0.27379365870453248),
(0.29095278324924601, 0.75167729040513154),
(0.47458308697477736, 0.69714898654199575),
(0.95300491532142151, 0.13282916340190604),
(0.58224080335099837, 0.85136441784912342),
(0.070709965568100941, 0.37314500625085517),
(0.22657049763005432, 0.93910381615960592),
(0.74434274976009651, 0.48435498803741467),
(0.84954836184789184, 0.61547829075000193),
(0.34963017240274352, 0.12482254356456993),
(0.31444830469002016, 0.57055656513977482),
(0.82414561408899312, 0.081868265836689894),
(0.19314987961938071, 0.45700135550427423),
(0.68942245654073442, 0.9861801528512707),
(0.59960546135595938, 0.33210577256645735),
(0.099145476164350377, 0.82222588374662753),
(0.99036192766223929, 0.73224759014397378),
(0.44539096629664054, 0.18563880757607804),
(0.52563946431071695, 0.54492449432200785),
(0.01165759157451495, 0.046829718016341129),
(0.9319125508744811, 0.41018284119910076),
(0.41605275545517639, 0.91997700036947794),
(0.77173808447572023, 0.79495139060727249),
(0.2755643859152857, 0.29291705415235353),
(0.65037269375368456, 0.23057658663396444),
(0.16386296795628696, 0.64039791669564006),
(0.17568369597792083, 0.25776766618303609),
(0.6346349420234515, 0.77335980498730628),
(0.26553535404391548, 0.67182162540336121),
(0.75751636194181848, 0.21290816582408231),
(0.025129915418333565, 0.8767649027772082),
(0.50599343509589267, 0.37695186594215624),
(0.43558525336425813, 0.016018299761448817),
(0.91578466293237981, 0.51947600343262201),
(0.21101198635805449, 0.60739252835163082),
(0.71691058738791669, 0.099530331658836554),
(0.83988432179778461, 0.95794758500656851),
(0.33770814078123457, 0.49805585370991773),
(0.46238356961136989, 0.8730684795575816),
(0.97638796875806477, 0.35349139721754802),
(0.11925457520100335, 0.14858255263643469),
(0.61929212395862632, 0.7107553921988008),
(0.48640453011850665, 0.32215416510300149),
(0.96693524629577188, 0.84180710861876173),
(0.57608057369828036, 0.16968345150168426),
(0.07823162585234697, 0.74852466780495963),
(0.72818335296610148, 0.58613945543510082),
(0.23821216319412161, 0.067600335908318321),
(0.3612174304358578, 0.97642775697574813),
(0.87328660691950322, 0.43947442301026673),
(0.37693259839363524, 0.56053202241007494),
(0.87682426607258246, 0.060505965164558508),
(0.56244099939979919, 0.93565265781937623),
(0.056644945814726656, 0.43369915829034272),
(0.3108553000928353, 0.24417072948806937),
(0.79888558984529767, 0.64815012594766375),
(0.15087204472531371, 0.81055535393823253),
(0.66601255437182372, 0.30297941669538075),
(0.39063991983935409, 0.78898081048888025),
(0.90441721651860107, 0.28903328429822145),
(0.54279329782260566, 0.63264701974874105),
(0.044997833139154175, 0.22457130649058638),
(0.7832028056737016, 0.91377345385518483),
(0.28316421017625298, 0.4178099568953868),
(0.67601006600846991, 0.037140108656933422),
(0.12695012961584862, 0.53130867946768368),
(0.73853748687458565, 0.81646126294334598),
(0.224275281503475, 0.33594118161178438),
(0.85751522962704185, 0.17393758568900788),
(0.35743420112974628, 0.72505713531708871),
(0.064374855540062392, 0.99417129677896909),
(0.58797369977625891, 0.46682495726072487),
(0.93944505849865589, 0.56659498971824329),
(0.4805722052996807, 0.087939392124937524),
(0.77696887331890763, 0.39086098951907611),
(0.26982287153200046, 0.89481337629298896),
(0.64272615591408677, 0.51562138099283739),
(0.16995333797872339, 0.0058159801879403691),
(0.0018718148453649751, 0.68713703898271705),
(0.52341881889731579, 0.19500326626983636),
(0.9278827434763659, 0.76181004691623788),
(0.4100235644713045, 0.26571827147636717),
(0.32243473928237493, 0.12870113577756229),
(0.81433849929295377, 0.69146460557395928),
(0.6991587877343034, 0.36696999433099764),
(0.19910703826996043, 0.8551373901998276),
(0.10754202325438554, 0.47642525071505021),
(0.60357581508626434, 0.94916910410987132),
(0.99609587916216147, 0.11578068441866085),
(0.43940512111631241, 0.62078575459898322),
(0.38442358859091291, 0.20896087681979308),
(0.88476319520246871, 0.6622542193345875),
(0.052839908493744099, 0.77946529138481002),
(0.5528249913706097, 0.25999996056798508),
(0.662201776196647, 0.88465699142721987),
(0.14636707051555786, 0.38468923951019907),
(0.81092542477711094, 0.025290378217197231),
(0.30078199856960575, 0.52713403220449073),
(0.089902392866112069, 0.10344248572279777),
(0.5643865011642355, 0.59946431503181874),
(0.49808844223521898, 0.96300700942396644),
(0.95939452103796452, 0.48829436569364687),
(0.7265187900008816, 0.14648520275633842),
(0.24827289985052434, 0.71305123962912387),
(0.37310505430867169, 0.34966532440007042),
(0.86529143207766945, 0.86519424462504546),
(0.98060501373407227, 0.97899647724281458),
(0.45917464514736894, 0.44706719158900915),
(0.11327980367643257, 0.58231982337433685),
(0.61133115820636896, 0.070565207409548497),
(0.33195979273846016, 0.83375541796678321),
(0.83398999331537826, 0.31795208746228876),
(0.70331324475127055, 0.74050952997977593),
(0.20485027909460568, 0.16193512954820699),
(0.9121595387403032, 0.23850097219202271),
(0.42795118115681807, 0.65037253300151121),
(0.02164916190149473, 0.30679061436587379),
(0.50998333650902283, 0.80296303620336418),
(0.63063895528073755, 0.42772230245497567),
(0.18554804997100119, 0.92772634028645451),
(0.76162936473355736, 0.55076881856062077),
(0.25187523998171474, 0.052855257821843089),
(0.93160701545409241, 0.044959071654726811),
(0.41515359691288989, 0.54687091674139576),
(0.0094010519493551142, 0.41114441434381599),
(0.5245066191411113, 0.92100164813802632),
(0.27534220441701091, 0.23232469634440148),
(0.77143954393633729, 0.63876535784639332),
(0.65047586975666549, 0.29103103491281107),
(0.16193537024058449, 0.79593563405847234),
(0.82224362572889398, 0.45600169760267745),
(0.3145532467070527, 0.98446942258085968),
(0.19429688549176743, 0.080091240522827067),
(0.6895674912254216, 0.5721821952365167),
(0.44811425974358426, 0.33302062126750603),
(0.98931621657661006, 0.82125087684462705),
(0.10051468264833725, 0.73051639800815138),
(0.60045569440627999, 0.18749897567483748),
(0.074213840814924312, 0.13436825639543148),
(0.5848244961160135, 0.69627551001564925),
(0.95022463968771953, 0.37496402749209423),
(0.47472233677480558, 0.85058396893629851),
(0.85049103311394769, 0.93754165918790411),
(0.34856646887495923, 0.48250129762428978),
(0.22946661525143108, 0.6169978892196869),
(0.74313653020505221, 0.1230946895862827),
(0.89263940955609877, 0.50096346971315064),
(0.39936647801789305, 0.0097525844921146649),
(0.53714450646787315, 0.40003009961073654),
(0.038966280466963613, 0.90613620168400444),
(0.13573668381526616, 0.27455248552962036),
(0.68068034467565675, 0.75087186137152706),
(0.29199197885032141, 0.67861473563493269),
(0.79684284291889795, 0.19622631935879459),
(0.025466918844647232, 0.51842843935487892),
(0.50577051288374475, 0.017512091218784196),
(0.91686161899062246, 0.87503265757601645),
(0.43458808581189867, 0.37503413603899205),
(0.17298210648388518, 0.21484034319870143),
(0.63573799852762702, 0.66993155496627921),
(0.75578854670395312, 0.25674926796719544),
(0.26278730316475057, 0.77154259131301484),
(0.61910189276491545, 0.87489874126562306),
(0.1181813106133258, 0.35158072334961754),
(0.4630116743058888, 0.70992212935667687),
(0.97458867898134061, 0.15030386189747713),
(0.33863473447918413, 0.097723960213943944),
(0.84179900439497035, 0.60556253399019944),
(0.21289862166948612, 0.95895385029971703),
(0.71587300053063718, 0.49907647939492195),
(0.5597750529746518, 0.55866458274311537),
(0.055689699088010004, 0.059497261774165165),
(0.87792754442580534, 0.43469520991917521),
(0.37699142203570174, 0.93744573904991391),
(0.309582972877954, 0.30371999610488948),
(0.79789342261443386, 0.81161912462463115),
(0.6669118905171828, 0.24608365495075271),
(0.14943162311963723, 0.64745895674650844),
(0.87215701761498488, 0.067374732501673085),
(0.36230421621412845, 0.5869196421993893),
(0.23545590689747362, 0.44139431941387891),
(0.72858051606489027, 0.97468668243604561),
(0.48540042243625175, 0.16799822854099275),
(0.96670438840644912, 0.74906023537255761),
(0.57618407469210831, 0.32043103433410008),
(0.081054556375190795, 0.84291834650631037),
(0.99885180762610304, 0.47555316138111875),
(0.4404269495364066, 0.94796748459571123),
(0.10739993955622562, 0.11711937033878819),
(0.60258920603508515, 0.61920235857528338),
(0.81447528642954259, 0.85427275559731197),
(0.3213171688736331, 0.36525415863403604),
(0.69725787704612041, 0.12792844945262002),
(0.19720800394006241, 0.69241442744891368),
(0.64254220215546587, 0.89564390756669598),
(0.16990683193347844, 0.39256892691192197),
(0.27154881105335321, 0.51389274059942835),
(0.77438354436531087, 0.004741332992677592),
(0.9268016729583427, 0.68555209071246803),
(0.40813932783859425, 0.19345006677700607),
(0.52058611514962672, 0.26755552772120378),
(0.0026894899848333834, 0.76366693416236819),
(0.22547405548182539, 0.17568319003863803),
(0.74218207723893459, 0.72648551524789484),
(0.85649197127263244, 0.33702444081497834),
(0.35736436874364302, 0.81834409636369987),
(0.482553881829341, 0.46778800989343927),
(0.93945711165502477, 0.99516939821895234),
(0.064465136272502901, 0.56822405614749827),
(0.5878285058365289, 0.089036926306484104),
(0.67776587330117577, 0.4168467294264917),
(0.12791847640938703, 0.91294110929791017),
(0.28322260457300058, 0.038947864971137669),
(0.78420701887324562, 0.5331826175265334),
(0.5400663098512607, 0.78796240420050256),
(0.044885824769888338, 0.28760700925571386),
(0.90332625002555211, 0.22268123181926971),
(0.3933605845318241, 0.63136899945294789),
(0.81052244620940406, 0.38294327912024745),
(0.30366627341935659, 0.88282329289418104),
(0.14742334609144889, 0.023575788204270122),
(0.66114120817918187, 0.52546447961601439),
(0.051776182833710833, 0.66324345709897858),
(0.5527271222968716, 0.20714653910124006),
(0.38477994846213032, 0.26109962701126899),
(0.8847948684609348, 0.78031613789043019),
(0.86519167208535175, 0.71398224427614498),
(0.37294567191072997, 0.14747532695246762),
(0.72366285480182135, 0.35155875204280546),
(0.24709021788611202, 0.86423058160737931),
(0.091797040405533908, 0.49017359317397285),
(0.56542806090030873, 0.96464516868545214),
(0.95892884280273483, 0.10247179590575491),
(0.49726599181087672, 0.59780303694862225),
(0.61049071867864069, 0.44618348599406304),
(0.11037792470639039, 0.97952900811749088),
(0.98248613487571435, 0.58304663247345767),
(0.45805215980709124, 0.071352670229405557),
(0.83307377296285745, 0.16017829547328716),
(0.32912586293463764, 0.74196977718552837),
(0.20513266879884348, 0.31642605295979298),
(0.70595348834161353, 0.83206564960521345),
(0.1845910250654029, 0.54890580073423323),
(0.63167194171825447, 0.0538260998264403),
(0.25281355858636972, 0.42674445476803979),
(0.75967505757471021, 0.92583753812387493),
(0.020532573328151758, 0.24022371473842832),
(0.50972197064025127, 0.64939072038675427),
(0.91201118494327771, 0.30857320882272332),
(0.4269565565788821, 0.80371209236083063),
(0.96974241838183273, 0.9091054545549907),
(0.46683632801781039, 0.42096305220424046),
(0.62440971900113629, 0.031255344408106775),
(0.12305227701561193, 0.53603369380917498),
(0.71411077247767729, 0.62791725216596173),
(0.21679883297303346, 0.21892477854277767),
(0.83786433360531121, 0.2840577602683787),
(0.34089149404266228, 0.7832423309726203),
(0.5010805787753041, 0.81347086767003074),
(0.029282457336191708, 0.34089561466521273),
(0.92089011360657369, 0.17771165016234022),
(0.43358459344972305, 0.72160775597251314),
(0.17867859939785583, 0.99722046183972046),
(0.63772490762473011, 0.46199433544417695),
(0.25786800107277053, 0.090925714663447427),
(0.75102204859379251, 0.56528795265924814),
(0.80189006669785723, 0.10940551783702263),
(0.3058374147058574, 0.62208301401539734),
(0.15340282187233512, 0.46976419484211623),
(0.6688715250037518, 0.95019855128918029),
(0.55557843587973832, 0.36224687337444278),
(0.060621513447692718, 0.85838626232603776),
(0.38076358437758695, 0.13098533542523683),
(0.88267360899198521, 0.68836887216478582),
(0.96096425153868992, 0.39809967867114365),
(0.48832275267972564, 0.8944459933997142),
(0.5730946431398114, 0.5078588913020442),
(0.084825440142523231, 0.0038999021887411011),
(0.73146844844043635, 0.18947064462856086),
(0.24026341094958831, 0.68151022182153864),
(0.36630498946394163, 0.27145659308593395),
(0.86729650662465818, 0.75886487258153401),
(0.69340988311356122, 0.26271801284275964),
(0.18846580428816079, 0.77521237639569418),
(0.82708676762565636, 0.66013522359100796),
(0.31837635380270818, 0.20509433252358894),
(0.59464128985411313, 0.88772377610124464),
(0.097608795510054941, 0.38674065320328416),
(0.9882524696223346, 0.028452386266813252),
(0.44949430970453497, 0.52916928101354566),
(0.41995572296644867, 0.34656227481666418),
(0.9373961877165361, 0.86241891175716057),
(0.52953223029810292, 0.14443532918235141),
(0.013704340218635935, 0.71497736431002212),
(0.767557835616269, 0.48821013543964009),
(0.27933766485456674, 0.9667314924704844),
(0.65431449566612543, 0.59377215469841127),
(0.15722559823727766, 0.10551624563387769),
(0.1406202772354522, 0.58110390017357383),
(0.68652493880164456, 0.076130407630500344),
(0.29493518785241662, 0.45035403733589774),
(0.78992752146161915, 0.98056705885518713),
(0.53316598029190299, 0.73724762013254741),
(0.033124451401978137, 0.15919296336971012),
(0.89753126374769754, 0.31631286719220969),
(0.40435306009865468, 0.83201423487306181),
(0.74940895324754486, 0.79688870650665211),
(0.233098594354368, 0.30860959853177267),
(0.34467768394255727, 0.65427349023180303),
(0.84549342254225501, 0.23827941300146802),
(0.078018417666165796, 0.92385848706032914),
(0.58006845547761954, 0.42391843280585145),
(0.94616596369773331, 0.55287599535476029),
(0.47053302480996057, 0.049774600206078663),
(0.89861513239248647, 0.95603692203678503),
(0.39648934540013825, 0.49597654492547205),
(0.040977062172277486, 0.60363244426621254),
(0.54511710596073326, 0.096618809470803577),
(0.28716011815004838, 0.86918416500261531),
(0.78808248273432702, 0.35551294439952613),
(0.1317611817876522, 0.15424795321758303),
(0.67358527626598641, 0.7060482897705217),
(0.22060967987589658, 0.87891149458349205),
(0.73536561964295755, 0.3796801140326454),
(0.35350358542443217, 0.020316371351554004),
(0.85260923240712039, 0.52051118927805451),
(0.59209779628195902, 0.76846750546392795),
(0.069291660984180548, 0.25303348510699214),
(0.94340196869485893, 0.21488637102059899),
(0.47851226145386561, 0.66605894390060272),
(0.44430153200844869, 0.24656958611300439),
(0.99327760466876713, 0.64444611916458538),
(0.60742848497896562, 0.30077584011165387),
(0.10334120763161701, 0.80667559884782691),
(0.8184374140556816, 0.05664330743385896),
(0.32712102772076218, 0.55670532043872334),
(0.70126691456526846, 0.93355299876233178),
(0.202126364897907, 0.43248836602910995),
(0.41110366595983139, 0.97071014960980184),
(0.92298169724483869, 0.44335903426121842),
(0.0071078638984146724, 0.066391221485972082),
(0.51753257872029634, 0.59083541004597506),
(0.6465071234029337, 0.16603969748279795),
(0.16591160198375196, 0.7456736697774129),
(0.26661814499585129, 0.32544683334398528),
(0.78124779175586112, 0.83890876538586445),
(0.38964427998933587, 0.57517568972455413),
(0.88672222052714578, 0.082123437303259939),
(0.54877692149558299, 0.98931266954020813),
(0.047920499870977969, 0.45809968563468295),
(0.14172297544377174, 0.82616030581373612),
(0.65820085167597953, 0.32898311907474098),
(0.29784800221381941, 0.18354071378139825),
(0.80660507005530713, 0.7286048509894133),
(0.86119863829035648, 0.40916192006829977),
(0.36817521800910441, 0.91607149171501334),
(0.71903310588175651, 0.5419458370732575),
(0.24319426920844622, 0.041130498762567136),
(0.088886329726423907, 0.63583086007582656),
(0.56942634210269205, 0.23045792254498906),
(0.95503004340668274, 0.79199177077468896),
(0.493247708991436, 0.29395925167665754),
(0.9081502650601716, 0.61324108446118641),
(0.42293019976891177, 0.12092683191879558),
(0.51457013049709299, 0.47949951558864023),
(0.016925669437593528, 0.94337513267304418),
(0.18075383768386022, 0.37009846292972021),
(0.62601496291690428, 0.84664680441439766),
(0.25670791426168504, 0.70020006530007073),
(0.7647119084600229, 0.13876033419570344),
(0.61621855947250137, 0.67573406918502488),
(0.11524426358415867, 0.20205956162708652),
(0.45488563723686098, 0.75486532428585151),
(0.977679890243915, 0.27744512522633757),
(0.33490652320163872, 0.4052835880431071),
(0.83000576508989876, 0.90139724890211581),
(0.2090032958381666, 0.50396809042985036),
(0.70904136301598719, 0.012857312034712392),
(0.89255266857228666, 0.010718172132170462),
(0.40219820642729892, 0.50287747298022911),
(0.03706650272649302, 0.40136033039554181),
(0.53608152530145448, 0.9034902720187562),
(0.28917597305772452, 0.19817998295402028),
(0.79307826383847746, 0.67689999310710203),
(0.68262899607557659, 0.27629171340074093),
(0.1347439353125888, 0.75244778432347748),
(0.84854810128478941, 0.48145100276305053),
(0.35145618155978886, 0.93949373858313967),
(0.22820088741181646, 0.12303915890864178),
(0.74518469990399161, 0.61517436645498569),
(0.4735671861809973, 0.37301829255741953),
(0.95119783904722532, 0.8495522458898781),
(0.072171497587350558, 0.698197931140493),
(0.58395943952359375, 0.13553576939149434),
(0.098554529369793573, 0.1855038932119058),
(0.59854546944674436, 0.73242410646329548),
(0.99216955668827489, 0.3340131680056993),
(0.44724952187196759, 0.82317716330221502),
(0.82253546428450208, 0.98636292232235667),
(0.31346533597783449, 0.4543706389025054),
(0.1923412895029547, 0.57316651120817541),
(0.68844960133631816, 0.080017429069447976),
(0.93266970253081261, 0.54401821757252999),
(0.41792192231948627, 0.043973915909823309),
(0.52644265131481072, 0.4130544536151658),
(0.0098775622674014928, 0.91897733363206002),
(0.16300020206558907, 0.29007445066836796),
(0.64843851131422714, 0.79394900390616219),
(0.27636846038504426, 0.6373716087251774),
(0.7734259120958884, 0.23251330248531435),
(0.057622277373836087, 0.56057635080680956),
(0.56055703318836725, 0.061286118172860456),
(0.87596610475185377, 0.9336450182209699),
(0.37596734244123986, 0.43608358601902919),
(0.15141256246418369, 0.24410651526786392),
(0.66499913968288382, 0.64639709414562108),
(0.8004197434114777, 0.30235217391606323),
(0.31244774032299411, 0.8096791799798907),
(0.57422247406612814, 0.840821350399929),
(0.079322566277942944, 0.32229848327059446),
(0.48805887834030398, 0.74708906222773186),
(0.96785641234447506, 0.1707939058661356),
(0.3594165590946059, 0.069207297933636253),
(0.87404567219164897, 0.58879689550117553),
(0.23729626896906567, 0.9744860727685698),
(0.72684953336246028, 0.43944188598147488),
(0.50780867873948965, 0.51742530942774645),
(0.023501470429109141, 0.018526273703159134),
(0.91501265001825338, 0.3769822419242263),
(0.43653852023777651, 0.8779982590056864),
(0.26371330862734876, 0.25584999233388972),
(0.75677685497883085, 0.77036400215287615),
(0.63288734089430143, 0.21100915245710669),
(0.17385952998021831, 0.66984082026518377),
(0.84106998214108841, 0.099635800799251523),
(0.33593934110431078, 0.60751429755700614),
(0.21287295901603467, 0.49713729901801179),
(0.71793643409159369, 0.95899751254040333),
(0.46099665800575157, 0.15130721920969703),
(0.9755343178561946, 0.7087665331587325),
(0.62097478216023183, 0.35438056593750394),
(0.120195034533049, 0.87299382239863532),
(0.93828833936101541, 0.46676798759161303),
(0.48159879228432179, 0.99320618085699419),
(0.063432519099881082, 0.087842347050744909),
(0.58964255496061646, 0.56924513650521613),
(0.85937233533071444, 0.81924680407887729),
(0.35840262546244439, 0.33802052555314499),
(0.74015777226927992, 0.17285963113708092),
(0.2235332708999121, 0.72370863794179208),
(0.67772679578932149, 0.91209925382206281),
(0.12583177616271063, 0.4151466134633226),
(0.28126883614226045, 0.53501435944816444),
(0.78216469998283567, 0.036154461032406653),
(0.90530075348204553, 0.63083078773077295),
(0.39248151625617594, 0.22555739042882997),
(0.54108062647443589, 0.28648690206033089),
(0.045953573912732609, 0.78703817719643654),
(0.19819486231279829, 0.12603904872133509),
(0.69821967610077929, 0.69524618850898012),
(0.81342178063327453, 0.36430375343445737),
(0.32330628514593079, 0.85348497759889697),
(0.43842967791247156, 0.47369980866763184),
(0.99707882788075597, 0.94717980255870105),
(0.10935347034595827, 0.61901458630497552),
(0.60543768111013518, 0.11427264504496204),
(0.64364018966826797, 0.39352905001864075),
(0.1718552130703109, 0.89742236027717026),
(0.27142484591171268, 0.0068039940522072627),
(0.77541300555124582, 0.5126963391773014),
(0.52157320849927447, 0.76462460350874017),
(0.0009110965340197939, 0.2676884263234004),
(0.92931851933231835, 0.19335457240161247),
(0.4091522172457378, 0.68548922493530007),
(0.75977233943937983, 0.42859705612711796),
(0.25080826875396856, 0.92868709965081275),
(0.18653336304568319, 0.05201311038997012),
(0.62894518019381773, 0.54793878934628026),
(0.022962769659357816, 0.65129578616286765),
(0.51168134274622734, 0.24117894991964589),
(0.42873800942382256, 0.30663147291676662),
(0.91308709770079366, 0.80180936701501826),
(0.83498546789043493, 0.74005456037009787),
(0.33017768281042181, 0.16218170836429696),
(0.70415618397289592, 0.31859653469946264),
(0.2038786310568507, 0.83401372111105476),
(0.11136413053120039, 0.44756920548041185),
(0.61319657389033255, 0.97787190996913687),
(0.98150139841012751, 0.07311995530337681),
(0.46001936320887105, 0.58491650746548784),
(0.56342938651982233, 0.49029382261743942),
(0.090895515212882194, 0.9628627619477701),
(0.96009755281957654, 0.60049344310465957),
(0.49912577258526475, 0.10358443730206703),
(0.86715012634155653, 0.14541942391699994),
(0.3749351791327627, 0.7119530094423755),
(0.24908521429049746, 0.34871648595470445),
(0.72557135471322931, 0.86615673918507541),
(0.14549146198881113, 0.52354591432186881),
(0.66325134954745357, 0.025416717486354583),
(0.30183950420064221, 0.38572012895016772),
(0.81166101861822504, 0.88477659274103138),
(0.053740061370657663, 0.20902361772171338),
(0.55374072914459616, 0.66115738452282879),
(0.88281833751341343, 0.25871491572770244),
(0.38288550749592809, 0.77834340532434532),
(0.96393301786387642, 0.89062906899924676),
(0.49126952702102006, 0.39544781372611765),
(0.57034790568383065, 0.0018339014822419091),
(0.083143116855857693, 0.51070273137245126),
(0.73252582753360973, 0.68261305864385291),
(0.24008039285829311, 0.18842815604268251),
(0.86922011308168556, 0.27340826219460568),
(0.36328608810922092, 0.76074723556810375),
(0.55764989102093598, 0.85639281549147717),
(0.059629228020990944, 0.36043528875795183),
(0.87983458484527155, 0.12907435110195148),
(0.38279809888127359, 0.69122334629391169),
(0.15546844188008685, 0.95215789107441617),
(0.67078557644798609, 0.4716887124010794),
(0.30772598071560442, 0.11135693952912956),
(0.8045516093989129, 0.62403617003065892),
(0.75294919746113009, 0.092945339593243165),
(0.2605884177296946, 0.56343213504676237),
(0.1767580751728722, 0.46463223052594488),
(0.63984025580977599, 0.99805478128905634),
(0.50296969283583126, 0.34187265348855322),
(0.029370018723868435, 0.81545348834811504),
(0.43069512266780691, 0.17779534853635304),
(0.91797262496118237, 0.7192904004408065),
(0.97166241912842266, 0.41987870590416809),
(0.46593681891292671, 0.9062506697281858),
(0.62219147370647798, 0.53814949814207858),
(0.12207422616693661, 0.033291287987427122),
(0.71288374573647872, 0.22161656012796452),
(0.21591618899464227, 0.62692729544418158),
(0.34282381292062453, 0.28318334699906317),
(0.83983238412999339, 0.78209685121734085),
(0.74803059356765234, 0.31059593345313141),
(0.23240016735475433, 0.7993897602251091),
(0.84664024925405879, 0.65539835206975239),
(0.34656676870105796, 0.23534533409677671),
(0.58201437621590491, 0.92305385136176099),
(0.076157479663660793, 0.42285185299235595),
(0.94822628629383809, 0.04872246914501141),
(0.47162984795706969, 0.55267439741479996),
(0.40335898726011082, 0.31439206459779107),
(0.89459144881934172, 0.82999249605446601),
(0.53403025896871748, 0.15718239048907495),
(0.034168105034117345, 0.73632488384031503),
(0.79212820314101506, 0.4511907940201238),
(0.29395433992449277, 0.98350558944386679),
(0.68460634507930151, 0.58003506739986932),
(0.13864540543387716, 0.07705710424690343),
(0.16003195291906966, 0.59764172933502191),
(0.65333617624400209, 0.10844726436072824),
(0.27869812176092418, 0.48530443378823651),
(0.76857541529594575, 0.96784312413533713),
(0.52863936119668831, 0.71778630854507597),
(0.012074970630650238, 0.14156674526963697),
(0.93549526449657372, 0.34563394310442924),
(0.4180836825288341, 0.85938861386288667),
(0.69142511201116996, 0.77646058447295729),
(0.19138123903855658, 0.26562236052937588),
(0.31734675411659413, 0.65816679373509834),
(0.8252346782181359, 0.20414723982954522),
(0.094688833595916025, 0.88971720106665986),
(0.59664700505478763, 0.38961684076296399),
(0.98625921703379216, 0.52948155857133838),
(0.45217979514699902, 0.029437955032463773),
(0.92485185815405024, 0.96976472780338563),
(0.41307724639172555, 0.44441757042094193),
(0.0048397902096930026, 0.59242024451109787),
(0.51877204773461827, 0.064436964105869035),
(0.26948259781524991, 0.83695723161701385),
(0.77834031971055651, 0.32716109915007674),
(0.16691963255418468, 0.16557490446745868),
(0.64564733701230048, 0.74410630098216513),
(0.2001818598092171, 0.93141028027438022),
(0.70016278921966302, 0.43066904761208236),
(0.32515719349625688, 0.055668267129842734),
(0.81644027594094848, 0.5556927643546915),
(0.60717798518491972, 0.80568422376913473),
(0.10446848345929031, 0.29874949283255775),
(0.99513489246046694, 0.24810802919285954),
(0.44233767357201709, 0.64164318734805892),
(0.47854063461389834, 0.21782378516187051),
(0.94231306981225427, 0.66504528981052602),
(0.59093615218111817, 0.25186531448694865),
(0.068356392061238669, 0.76682437102909318),
(0.85460141014890201, 0.021545249555377285),
(0.35546862590152228, 0.52244605326078974),
(0.738264186624909, 0.88174180579807082),
(0.22151213743700263, 0.38086146535446813),
(0.39569907952412509, 0.95412141003965867),
(0.90224520034923694, 0.49322227629493631),
(0.042042101405482583, 0.09569596019182651),
(0.54296964779821411, 0.60338251465423365),
(0.67573688657510367, 0.15442360419110512),
(0.12985061420316366, 0.70322730014852985),
(0.28697640804672148, 0.35839752490460686),
(0.78528992081541982, 0.86913184651496711),
(0.42483858790928841, 0.61042666209634),
(0.91003463724684852, 0.11908608152981752),
(0.51200869325521992, 0.94238088807867249),
(0.018525745116404407, 0.47841804094159329),
(0.18261079399293229, 0.84545625796248103),
(0.62882026238919442, 0.3691131099188254),
(0.25488134087910286, 0.13674354075433678),
(0.76172047022113121, 0.70150766321363212),
(0.83156633432539995, 0.40427864527437646),
(0.33207754090906799, 0.90035509498196187),
(0.70802648450839445, 0.50757100089797569),
(0.20811089305414021, 0.013690861391414526),
(0.1133150233368222, 0.67288523005457512),
(0.61414464039649364, 0.20015986607626768),
(0.98042721299144864, 0.75682394230208128),
(0.45697869796816754, 0.27938482006564264),
(0.89045448619025991, 0.57708962901300154),
(0.38684247565486646, 0.084008746958601332),
(0.54992885095756283, 0.45995603553652842),
(0.049842383874130688, 0.99142418855160475),
(0.14259641425185132, 0.33085018099273378),
(0.66010396835357132, 0.82619511453039729),
(0.3007113691851116, 0.72745131262383722),
(0.80858459983634634, 0.18078325965505249),
(0.56736289792540784, 0.6346310713294574),
(0.087747126768939893, 0.22850077856670542),
(0.49425314291334238, 0.79009336747950143),
(0.95609423102589142, 0.29588816995810513),
(0.36917804408838495, 0.40722875414240273),
(0.86134313526788486, 0.91508205504716811),
(0.24511850551898098, 0.54025794655699311),
(0.72155055991470407, 0.040100235441701798),
