(0.62353077863606998, 0.87187918703908196),
(0.12909913404380186, 0.4022119087394001),
(0.99746104955250348, 0.024134370934617049),
(0.48180608916674644, 0.5240659401072475),
(0.86326284664360731, 0.64187779695505753),
(0.3590519714054099, 0.14100194184733969),
(0.73274560994418181, 0.26685906606487036),
(0.11644398656033751, 0.87834396801160874),
(0.79379446326397096, 0.99234905384352234),
(0.37775394243952576, 0.34761441801944037),
(0.55670389256993447, 0.074332870218094274),
(0.24276758776876134, 0.62154975236734777),
(0.66585418061997514, 0.68892097862042512),
(0.0024644690705660781, 0.23697509447212259),
(0.91866270307619069, 0.43938881835214916),
(0.31024734171411383, 0.81014936826335693),
(0.68841691758599566, 0.96730347519397586),
(0.034307060960428973, 0.34294221094238908),
(0.84204589594033141, 0.15792114023970624),
(0.34240629949786378, 0.6860345712241489),
(0.96409668587635511, 0.56327758673004713),
(0.43020977763182666, 0.031545744496056669),
(0.59260358249748835, 0.40836026584216512),
(0.17439462451680487, 0.75213600570903694),
(0.90552138859437881, 0.83110018936341501),
(0.27763023301117745, 0.46978715847804031),
(0.62556227097875539, 0.19004427706658439),
(0.063317470683899882, 0.72358228239997713),
(0.52838384706544506, 0.56212828837917284),
(0.18980486281429584, 0.095757352194535697),
(0.78081515348981134, 0.31208292423341133),
(0.46747714202073332, 0.90636026196730346),
(0.74635986327385084, 0.8150681115999332),
(0.059918526702451118, 0.49452192287507529),
(0.94928891464980403, 0.13983816834420157),
(0.49654648211400831, 0.74379024894806423),
(0.75520625835919319, 0.50180243425345528),
(0.2940343470122288, 0.0045063112716102463),
(0.50206735303076389, 0.26511693213572413),
(0.17147362188707954, 0.98162176971524562),
(0.92535249342054404, 0.94069167297953071),
(0.25126106260129166, 0.29339411265638943),
(0.71422553831279645, 0.091630845933975108),
(0.10389599823185167, 0.60682280942147981),
(0.5654835131534337, 0.66158234893941681),
(0.14097153026427212, 0.22082189949154046),
(0.81966103398960088, 0.4267174337111449),
(0.40660263021281573, 0.78832688433684517),
(0.54595808871170415, 0.9328215983113628),
(0.21200306104198485, 0.37210314211651285),
(0.85775888662917532, 0.062044476305735015),
(0.3666416336336551, 0.54686729430564707),
(0.9693900758311802, 0.71436778892497288),
(0.44884742474003914, 0.18213147165128746),
(0.6859051498786195, 0.37664342669573447),
(0.016454521250582409, 0.84800089026464764),
(0.81210566608894175, 0.76606153078229777),
(0.40577772246272398, 0.45371823290077923),
(0.59421627952758671, 0.21854633516948335),
(0.21910328216094554, 0.63900039589266322),
(0.64263697365705175, 0.57879818190500099),
(0.078612588260495095, 0.12403175585119358),
(0.89061684921070072, 0.32752918575965162),
(0.32397399694146645, 0.906203089892757),
(0.55207646227444884, 0.80458241795053487),
(0.19686547947482294, 0.49007750054837251),
(0.93293504680282047, 0.062949685824030752),
(0.42765396017867413, 0.6149572380281576),
(0.76105618776275519, 0.69663145149778705),
(0.28142110636365097, 0.19884466854315908),
(0.63444241569499626, 0.31690562908940934),
(0.053704917459825564, 0.94866643553386265),
(0.8212320251816444, 0.8940498824134413),
(0.43774257243386716, 0.30382741804681535),
(0.61369037500082857, 0.0087846663795228871),
(0.13380710692284123, 0.5355179704679337),
(0.71964896559810831, 0.6256131949803565),
(0.12032262126924753, 0.16464084517095801),
(0.99084459938843716, 0.41984782407765309),
(0.37333920708145596, 0.85204625062876516),
(0.67931272934973963, 0.88957511330700956),
(0.095942152277093545, 0.28874800808198203),
(0.80387924901537866, 0.22998122094557183),
(0.26084310102307684, 0.73115769164589972),
(0.87584262645366284, 0.52314349304145413),
(0.47372934674909029, 0.10256261814286668),
(0.51512689751634411, 0.44561519250585735),
(0.22671928638289596, 0.86507245208919847),
(0.97733593122872719, 0.78910586686034134),
(0.31340097019362256, 0.3973224469534396),
(0.73471182369458776, 0.17552035170978955),
(0.024504425097034713, 0.64889084065517189),
(0.58109445268732718, 0.5991110564740485),
(0.14917234564081974, 0.044403390875403848),
(0.8321757789321762, 0.35957752644954244),
(0.39466566330124697, 0.95405811928327544),
(0.65371555812356075, 0.78113879156064547),
(0.070560941752710188, 0.43077558544993821),
(0.89836026504498834, 0.24776414417726109),
(0.41684764961815113, 0.6795160252297151),
(0.84431334844280559, 0.57684838879083267),
(0.33359649378086259, 0.078777215092885822),
(0.57121609417677421, 0.33523786755423685),
(0.24174269630279932, 0.92873648752484006),
(0.96066610807994235, 0.91476869135605521),
(0.34443304607272701, 0.35879251906655368),
(0.66165671248393754, 0.053174606577388865),
(0.042122194336813981, 0.55320032116111517),
(0.53683048671326472, 0.70800809475380955),
(0.2098126373330173, 0.15593387686090465),
(0.78650953000241142, 0.46339575432511693),
(0.48760204488451259, 0.83706219162948747),
(0.60346431812274037, 0.96949997615453654),
(0.18653498229407234, 0.28075457468765541),
(0.77331817196415986, 0.11687489777438832),
(0.30439528640956226, 0.58640889378738925),
(0.91405736420830352, 0.67089774903679023),
(0.38288390955815338, 0.2096393413357833),
(0.69582092244888938, 0.47684035970893707),
(0.093543584868701957, 0.76547153668107104),
(0.86728266858713721, 0.8204394860915255),
(0.45625116182246894, 0.38331373239640115),
(0.52242329103037599, 0.13269354366544964),
(0.1570614879909682, 0.73456418382832733),
(0.70994412765369441, 0.51553148882999045),
(0.015531380696425736, 0.016971249576324843),
(0.94474250364305457, 0.25759922037510802),
(0.26588227268369569, 0.98496395636531353),
(0.55944507298989754, 0.86833937219843982),
(0.1255432157427252, 0.46813646062293107),
(0.89095568250442247, 0.0017051160285582775),
(0.42102191431825453, 0.51568158386749618),
(0.79282169439897365, 0.62935342097990987),
(0.27699539435964093, 0.12707833147340974),
(0.71628100152894769, 0.32357936067151999),
(0.099853595747659341, 0.99713392584893135),
(0.84898476640544329, 0.9522454606888151),
(0.37943593315684843, 0.27289965113862413),
(0.62024193470872846, 0.11972991319087464),
(0.24951832161696932, 0.54063277595027315),
(0.64013463422342276, 0.63639285683477609),
(0.019905368954210766, 0.16392908050071872),
(0.92739193101999062, 0.37900703575634859),
(0.34839751140834602, 0.75830099589674482),
(0.74366922585359885, 0.91831412624043118),
(0.10718746068270293, 0.34869818373088868),
(0.79798435627869746, 0.17957065257974769),
(0.29748795547558243, 0.64587602513994558),
(0.9063408564401404, 0.59245443366784734),
(0.40011359624407078, 0.087804655489688105),
(0.53480618808029468, 0.38750956185713964),
(0.16277672335899362, 0.82452935146705408),
(0.90131219905249871, 0.75483433591956106),
(0.3516723142210979, 0.48512318632805801),
(0.67494240709582198, 0.14944480074631136),
(0.12222790498267788, 0.67450726705185882),
(0.50396609865887021, 0.62026463768381912),
(0.13704373979656415, 0.098456867324852482),
(0.76487897862128129, 0.37076744969700842),
(0.49527057045582151, 0.99094142351539793),
(0.7065086978645545, 0.7750191850910122),
(0.036792864990448981, 0.39424588078686418),
(0.95460078412088967, 0.19987616815916384),
(0.43663279101678149, 0.73877939040144613),
(0.81313745798438797, 0.52746725378386716),
(0.36136243812444507, 0.015048065302708283),
(0.56908173338056345, 0.27560458623713879),
(0.17618715557796666, 0.91118363878480557),
(0.99268833264582601, 0.96357356948387174),
(0.27127158087429931, 0.35176014903304187),
(0.72986868072522604, 0.02185942260423027),
(0.010282554856161008, 0.59679262944510747),
(0.6058912955596546, 0.72738136222864991),
(0.21591645470153231, 0.22309702865761358),
(0.85251490623178605, 0.47267531382613298),
(0.4254094847431672, 0.86041141498114937),
(0.61115767795463793, 0.9219523803593983),
(0.23185896492902169, 0.25908284050284935),
(0.87299379922429088, 0.11301957694102133),
(0.36721028485425411, 0.61198478632395115),
(0.88164993306007244, 0.70683913590172143),
(0.44416043039813957, 0.24484058838934508),
(0.62922394345185495, 0.49692511368849446),
(0.043817104005953483, 0.79450268781376765),
(0.80646702753092758, 0.83206533117173986),
(0.38692185297579917, 0.40360404962632729),
(0.52684946133034682, 0.20362217978462202),
(0.20592687770631665, 0.70229730112785393),
(0.65967902851802795, 0.5330920457817222),
(0.069593156550261173, 0.056890395915081896),
(0.93632222115960495, 0.3055594913006503),
(0.28565431127120966, 0.87957908423427356),
(0.60058035481411631, 0.78174308547826876),
(0.22469921496336415, 0.43434392000757777),
(0.98705882428900837, 0.08477623051311306),
(0.46013973027658928, 0.57319408986905795),
(0.82428606430454177, 0.69453952851551093),
(0.32651694969317241, 0.24142513929973064),
(0.65187554433791972, 0.25216708097086749),
(0.058369531588463509, 0.88591352057843931),
(0.78472918725044005, 0.93729529726537331),
(0.49152750844097326, 0.33068473118297115),
(0.5082042040455208, 0.048918212454160989),
(0.18209151403594848, 0.58214533053627393),
(0.70186132112893018, 0.7221189489240607),
(0.075448825914353923, 0.21258604443195922),
(0.97376936829796668, 0.48390450394432349),
(0.25450304511766392, 0.81646843330209506),
(0.64669856589047714, 0.98016229492928797),
(0.0057834511965982899, 0.29289849604773638),
(0.86671468551522657, 0.19422873427301729),
(0.31694114374248394, 0.71808858515250262),
(0.9383689490619993, 0.51153947458049276),
(0.47164448491226446, 0.029457857249000702),
(0.57714754680465974, 0.46075582505465046),
(0.23478895689951118, 0.77203401773786473),
(0.96516435996659988, 0.85792771935412393),
(0.26483225863829046, 0.41076047135270133),
(0.69512161744268119, 0.23079915908358339),
(0.027627063169494676, 0.74992854350492688),
(0.58959264894093433, 0.54709702069915422),
(0.20280160389111149, 0.03770730807132544),
(0.83959845220699691, 0.28434533705272924),
(0.39187525167661552, 0.90149116116518946),
(0.66916732599297835, 0.84009182848536079),
(0.1099394471110339, 0.44186737715801472),
(0.91426109255536536, 0.1710798565694282),
(0.47968848074652193, 0.68118197435478767),
(0.75321035248176371, 0.56829585564418139),
(0.28920571021485636, 0.067935424740933323),
(0.53990493965317043, 0.31257593340775613),
(0.19448381227137201, 0.94498579148506734),
(0.88376597166519977, 0.89456523352622286),
(0.32836129554137333, 0.29984161951373578),
(0.68053569312004059, 0.10911384071083176),
(0.089778374828415844, 0.55835333249080488),
(0.519491909268882, 0.6643221757632739),
(0.16519383828075951, 0.13643152348339699),
(0.76570615702956579, 0.4178994281674292),
(0.4516581516764302, 0.80510526118475911),
(0.54992000767742322, 0.97651978298240161),
(0.15623652450612521, 0.33657142263094769),
(0.77712553108421212, 0.042876855091201392),
(0.30824651553451887, 0.50779845239165788),
(0.98089845910376794, 0.65928843696122108),
(0.41164796026101808, 0.14477358744555011),
(0.72287176219374116, 0.42500602404744869),
(0.082431667736357114, 0.84383270984286729),
(0.83181718958843254, 0.80031562577697835),
(0.46101427891556523, 0.45253036807114522),
(0.58229543256469263, 0.18377285461191636),
(0.14794717997289505, 0.65243643714099309),
(0.74161469373621169, 0.6016103895704914),
(0.04732252932059474, 0.073854161455691375),
(0.94916807084843624, 0.36356585760242205),
(0.33854005094933909, 0.96082262680257657),
(0.5905143389766242, 0.82914912712339062),
(0.18081158857519747, 0.41517367679872064),
(0.96115198722120931, 0.034685054668796504),
(0.44574806819462576, 0.54123765889670472),
(0.82845772835862763, 0.65686003911098256),
(0.33443845134700306, 0.18687117149010035),
(0.69130672049719122, 0.28268689115395734),
(0.091073786918890343, 0.92153499987190035),
(0.75058525367147422, 0.96557194235384758),
(0.41975827487587064, 0.341277864980574),
(0.51755795768710577, 0.094240743127687765),
(0.21872765561613941, 0.565609450607506),
(0.65521552785226089, 0.73343295268329023),
(0.032820073110706165, 0.20701100501805622),
(0.89995063927125818, 0.48203407829575068),
(0.28045490591468564, 0.77556515281871785),
(0.72202811812136802, 0.98771218745723099),
(0.0007628503813097284, 0.36831352829068331),
(0.87328470427991656, 0.14729651085688172),
(0.37241092536214654, 0.65556549097069472),
(0.97175773359462458, 0.62417906031153469),
(0.40081517076048456, 0.0021439049466955981),
(0.62266836450258378, 0.37792457620635234),
(0.12887764207221603, 0.78431699973416724),
(0.92302125951658165, 0.87098185534186179),
(0.3119620984891936, 0.440774013103919),
(0.66365307715491861, 0.21919039218270595),
(0.11816397374748283, 0.71659349455794485),
(0.53819933741761994, 0.50426434416561672),
(0.24618982435468917, 0.068419520290731506),
(0.78201145842642394, 0.26830629147274687),
(0.49991038997392656, 0.87514483159744338),
(0.71814599732185502, 0.8565149126773598),
(0.023219855459461144, 0.45881355778229571),
(0.97985756262666457, 0.16741820074466143),
(0.45820085152040185, 0.71011604539632611),
(0.7893101600831447, 0.5565792195837227),
(0.26843896957115027, 0.03526776481543073),
(0.5313868896844377, 0.28536164538907727),
(0.13152275782842426, 0.93939033196681243),
(0.87929416807048555, 0.97092336620291875),
(0.28349482973256063, 0.26075805361636095),
(0.73694907716233238, 0.12255263288459224),
(0.064590454991009225, 0.59171088207440115),
(0.59898818458904834, 0.63768125807238785),
(0.1790537469316838, 0.18850181467635574),
(0.8691772823882904, 0.40034109367745918),
(0.38985567028473067, 0.75039094474449441),
(0.53007832095114704, 0.89858725481225021),
(0.22308618747359768, 0.32822248511318275),
(0.84136531482164967, 0.012148162251411831),
(0.34172535811998306, 0.52108206806032853),
(0.93997256784697514, 0.74733690837654132),
(0.48267173710345196, 0.15252930671518408),
(0.64848178279934909, 0.43623244982985887),
(0.049114074127556508, 0.83468909291839322),
(0.77504258061245768, 0.78528135549031264),
(0.43336988945989402, 0.47938776909744352),
(0.56284048501387307, 0.23913388508873001),
(0.18863609071974013, 0.66608941163048319),
(0.68553282058695775, 0.60968479066465608),
(0.11156671878375682, 0.065181181979342251),
(0.92135272887170849, 0.34460602066377616),
(0.36042779546190157, 0.92698889186505351),
(0.51986565516273053, 0.7780095390653512),
(0.23998496946024336, 0.46662733950760366),
(0.90411224080967145, 0.10095819351118956),
(0.40368502207763318, 0.575033959405156),
(0.78817732148235198, 0.72913059605494934),
(0.25314432205864412, 0.22513770391206001),
(0.65690321889293235, 0.35044224076580893),
(0.030973954774216179, 0.97843756121031267),
(0.85370127377437377, 0.91604838630814678),
(0.47056509708994715, 0.27870426464602849),
(0.58556110429244712, 0.040575374360762494),
(0.18379218060220712, 0.53065172101410241),
(0.7118308027910204, 0.67376095742117137),
(0.067211718810471735, 0.15078836066843182),
(0.95539195452035386, 0.4055484077275654),
(0.33041148286199468, 0.84230355163615367),
(0.64644269660375808, 0.9084474537602546),
(0.073203155016155388, 0.25046871910333596),
(0.75882932021003513, 0.21630043424734244),
(0.28793467713053117, 0.6907729491308171),
(0.91620965891286077, 0.54970309498584913),
(0.44185115375448353, 0.072216540700365206),
(0.54298592926622657, 0.47159611853990535),
(0.21429914741424796, 0.81431975579152049),
(0.96782654291818482, 0.75981150631835959),
(0.34757230572395742, 0.43258799293633654),
(0.70889325266268122, 0.1438908892758036),
(0.062129883828361251, 0.68511576290158815),
(0.60868130340120363, 0.58019416701198734),
(0.17309459995209009, 0.017624788648534503),
(0.85073234747611071, 0.3243429670866258),
(0.43505956174676758, 0.97333965368675579),
(0.6829689459496765, 0.80675614730920719),
(0.09410557162799596, 0.38652509542536373),
(0.9120489850566752, 0.20887906164647616),
(0.39736004628966437, 0.63132734480812169),
(0.8343915592694845, 0.61538254084347466),
(0.36375452324831037, 0.10390782580832145),
(0.59697703509751698, 0.35647144631224931),
(0.20495018023328698, 0.89188410500188742),
(0.99863528721851447, 0.8885667879570921),
(0.31459053053315605, 0.33357211309387075),
(0.64096629341821798, 0.027226886078131694),
(0.013165643557514728, 0.51240765422577184),
(0.52514989093736308, 0.74023688364342899),
(0.24475967573524074, 0.18042596865533728),
(0.76284803342799401, 0.47532441979547607),
(0.46365470261084446, 0.86616188432806096),
(0.57944959751493186, 0.94197325047779235),
(0.1428822707010797, 0.29065749037185901),
(0.80912850396217062, 0.081644890855106109),
(0.27218003215558789, 0.6014403701172969),
(0.89636529056913028, 0.6282330486075518),
(0.40846966732115209, 0.23540153276662962),
(0.73050781012297616, 0.46170192803067811),
(0.097852850893251048, 0.81208637354812241),
(0.83748047076929844, 0.85534365318563843),
(0.4936973219677967, 0.40627317799662638),
(0.54881184756750423, 0.16182188819916823),
(0.15326668874062491, 0.69738977440963978),
(0.73995818764304133, 0.53483041662344299),
(0.038004040959716129, 0.045030876567179037),
(0.97486490148923222, 0.30910433232918638),
(0.29152688953942418, 0.94586207523250376),
(0.51363365988727805, 0.82005498911917973),
(0.15848247424934636, 0.49966297441387103),
(0.90913264731287735, 0.047046646320905355),
(0.39359245830447886, 0.5377255574461024),
(0.77869095983450776, 0.66390116804935873),
(0.30176144525094722, 0.16013756778655014),
(0.72512022017196953, 0.36323586173454292),
(0.087793604089125482, 0.96194458983906883),
(0.82703159328091347, 0.98263468255570874),
(0.41212900438308897, 0.29522733335074758),
(0.58772402414729508, 0.092775006570371438),
(0.20890001238173472, 0.51761445563943131),
(0.67747711140235545, 0.66834057518277101),
(0.039115808778590423, 0.12539787034629579),
(0.88571068852502577, 0.42956759732800914),
(0.33779099458272982, 0.79146841788257316),
(0.70405801230889342, 0.90329016275226648),
(0.076566543952283322, 0.32207001240305755),
(0.75771602138093952, 0.13786714553724552),
(0.25590141340405642, 0.67628985556508747),
(0.87730144084362238, 0.6038137319379856),
(0.42964893691356398, 0.10976174762919878),
(0.51159847634659061, 0.42199731951706004),
(0.15185772368178163, 0.86239891247041278),
(0.93539279496760019, 0.79520993314057664),
(0.32562387137408494, 0.45657588458502707),
(0.63828816027117752, 0.16850437540953911),
(0.083986878737477011, 0.64660928723697653),
(0.56226495803348164, 0.5686781217421617),
(0.16199114569504244, 0.076726880771133738),
(0.80242163042618264, 0.33978768955721672),
(0.46627230323120017, 0.94932188381845783),
(0.72671108755584535, 0.79706027107494259),
(0.026428677492962665, 0.42169521908503232),
(0.98266630714311887, 0.24908343984101702),
(0.37535156552327076, 0.71227621355612736),
(0.84603177828655129, 0.54304710858209815),
(0.31839528556155072, 0.051327489775831091),
(0.60423542784138895, 0.29706643547616612),
(0.14495847314634502, 0.89727958860342205),
(0.94583075489080326, 0.98994083394510235),
(0.2955693389125415, 0.31466581372399366),
(0.70084807612220901, 0.054695768921855653),
(0.056630750178725958, 0.5703312589927888),
(0.57591219990597775, 0.70099485942547546),
(0.22074385032886171, 0.19533486377944212),
(0.81534110625939971, 0.45100071266396197),
(0.38665926557798502, 0.82260180672729022),
(0.57383357542997049, 0.88470845080559923),
(0.1998126594345741, 0.30785765596573067),
(0.82389298974605674, 0.089553184286739709),
(0.32219564798631517, 0.58928301270406169),
(0.92821805273098523, 0.71887668273731242),
(0.48453832276513009, 0.21324954699125465),
(0.67303341638234138, 0.44916022740373651),
(0.0059517084402163183, 0.77089110263621696),
(0.77032269387263697, 0.8732890873710939),
(0.4236823210219075, 0.41378757086305418),
(0.54114862808753561, 0.22677064633080973),
(0.22861699133739596, 0.73820791592214896),
(0.62722714111341948, 0.52697824892202438),
(0.11473486155792495, 0.029115273307643304),
(0.88710364879661485, 0.27509875602516293),
(0.27443397028710403, 0.91393234369709853),
(0.56641466170681942, 0.75599799476167362),
(0.19227456867829545, 0.3906979935746247),
(0.95880094435626873, 0.10589380663804351),
(0.47471203925801259, 0.60872583750857612),
(0.85549030055065467, 0.74570847796888051),
(0.35686217365282236, 0.20213394697162695),
(0.66608106924794186, 0.30217104836373859),
(0.018651715219824082, 0.92550578468608369),
(0.76796658969509701, 0.88276763213746434),
(0.44985931058143214, 0.35361239636002484),
(0.55319123084505695, 0.019685193966287887),
(0.14023302305019356, 0.59376957332751434),
(0.74417363815923832, 0.70417866997737799),
(0.10915238312328401, 0.24286734506565624),
(0.95300845145703561, 0.44520651582599535),
(0.2990535593182716, 0.85000670558812796),
(0.67005919727602925, 0.95594142515938774),
(0.045037048196076332, 0.27145629880049027),
(0.818302031266126, 0.23432915137258367),
(0.3497401463449753, 0.72592269947206944),
(0.99586425142282642, 0.55105951987024615),
(0.4550059246974254, 0.059193712334673937),
(0.6113868338947902, 0.4869112543279478),
(0.19750108983457179, 0.80082175435143865),
(0.98549039598478261, 0.82626071872388529),
(0.30523589827054087, 0.38099993236309454),
(0.74993248390347822, 0.19324617169990066),
(0.050848764482636685, 0.6932701577507655),
(0.61533574729863039, 0.50969725989073134),
(0.23373067130254288, 0.010645108542187495),
(0.85949191081156073, 0.25425714843588221),
(0.41580019654128214, 0.93016569901565438),
(0.63638661685110653, 0.84583949877310094),
(0.081890890321761056, 0.49049179136522641),
(0.89443172031612073, 0.12998967147264812),
(0.44130813949834191, 0.65047480769800103),
(0.80821004140148378, 0.61741567914341056),
(0.257833469868332, 0.11350015492432554),
(0.50171983440074419, 0.36692581992443268),
(0.23765752968301837, 0.99416303614276369),
(0.93160405845081229, 0.93374262540712372),
(0.35394014048994943, 0.26171941330283743),
(0.63273364964427659, 0.08213771049793997),
(0.12325983275536245, 0.50208269474599598),
(0.55471100217496827, 0.63285071809250004),
(0.1367087117103688, 0.17760714172737729),
(0.80074120635202073, 0.39043243896802032),
(0.47713604122801678, 0.76951880863079059),
(0.50745237225282513, 0.95706382506797105),
(0.16643206737393115, 0.37317159813883138),
(0.79663573107835595, 0.007774357294323647),
(0.26344853988627281, 0.560352028800432),
(0.94152184401184424, 0.64444835322027982),
(0.38264085950396853, 0.17188941306608757),
(0.69887822438027813, 0.39646267854474304),
(0.10347968234210472, 0.8380766794115303),
(0.8648790423619388, 0.76351133734240939),
(0.49013115998961054, 0.4922336215815184),
(0.61761628277291714, 0.13473663404984071),
(0.1698902544014057, 0.68175342772421788),
(0.69306505806612873, 0.58414932246038909),
(0.0078442444864422149, 0.11752321481803249),
(0.99013500673737043, 0.31997760231543648),
(0.37098236355539549, 0.9981203477332995),
(0.59334251931736315, 0.86143405738518086),
(0.16034473794526741, 0.39835605216767817),
(0.98743945307685088, 0.053929776408398217),
(0.494190957517192, 0.55890414664033716),
(0.82267784122788168, 0.63477600172514503),
(0.32119474088534072, 0.12624261425811459),
(0.74555436640129191, 0.30079321789208402),
(0.088823817877768413, 0.890872790365557),
(0.75673806504789265, 0.99910839773719418),
(0.40815987503750445, 0.3749300274667044),
(0.56137653447441505, 0.12320396118592636),
(0.21144976037908772, 0.60272156191201698),
(0.68205491110222127, 0.74877267911571965),
(0.0041892169023345725, 0.19146922590580434),
(0.87824335591316083, 0.45909306464168242),
(0.27960523549508237, 0.80877449277842939),
(0.72012060277347312, 0.94690366653570635),
(0.025965748647779844, 0.31386572913298905),
(0.86568199771569865, 0.1691258832516444),
(0.37413200740218699, 0.6834215095581575),
(0.97892905867472391, 0.59288862590986258),
(0.43644285372517533, 0.0032893703452439526),
(0.56970102220486885, 0.37825518158825744),
(0.16407654426653054, 0.7879708440261517),
(0.93681483024614187, 0.83072715431934929),
(0.26009747248461873, 0.4429342317561259),
(0.68726044858087543, 0.18790423027195757),
(0.092635807424543332, 0.69348777435102571),
(0.51830163057986656, 0.52894885947676473),
(0.21336448655126583, 0.070792734822033992),
(0.81062340146987499, 0.29888814778766754),
(0.43949283336558259, 0.88767266973569281),
(0.74873776128276437, 0.8487884457146091),
(0.057314172688819637, 0.46256837166578746),
(0.9817353801831632, 0.13503690466474483),
(0.46534415342015101, 0.74275084770663236),
(0.79113459342875181, 0.50055805850556379),
(0.25956926635187955, 0.011054166346515671),
(0.54258272626536441, 0.26022290957915861),
(0.16327663293091457, 0.94798678742538756),
(0.91273383335453206, 0.97494448475179207),
(0.25767800310103695, 0.25822499443198904),
(0.70481139977366325, 0.11844916861468296),
(0.065744394836521419, 0.62345774885676408),
(0.57798485641978281, 0.6264996763074322),
(0.12658290677284068, 0.20047188494793941),
(0.85317783044510431, 0.43729814072103368),
(0.37622760162115898, 0.79372874971945551),
(0.55812752647127928, 0.90525130518506414),
(0.24541262661262661, 0.37156441279556712),
(0.8166297899180891, 0.043230075873735729),
(0.37196838962654544, 0.51355396330981984),
(0.99430520582380255, 0.73729056473730981),
(0.49041938615362235, 0.18289435248588107),
(0.65257388013454043, 0.39918186264037214),
(0.031499564314996994, 0.87465787680506202),
(0.80103202829639741, 0.79871489247261351),
(0.43167666736773241, 0.44014115144135102),
(0.56408304919657426, 0.20711500268294392),
(0.18759284872179746, 0.62791193028070147),
(0.66868359871422101, 0.56401028102567807),
(0.10227498708734967, 0.099618275077728816),
(0.88918288183344407, 0.36782135071467231),
(0.32019309446494953, 0.9359457971325631),
(0.50311916743686846, 0.79639175262214379),
(0.19119967474387045, 0.45206023525265998),
(0.88837944117607959, 0.072420596021155859),
(0.43108289593138971, 0.58392504113799393),
(0.75162656404469308, 0.7444210521397624),
(0.29636800131926361, 0.22808678975274144),
(0.62642625995140566, 0.34523992963991773),
(0.022447061475703269, 0.95208145321929705),
(0.82207604907265597, 0.93199889568736072),
(0.43920730767321681, 0.27359906253318622),
(0.61816417376088084, 0.052195335802379242),
(0.159739970517915, 0.55699832090624313),
(0.68989331176915758, 0.64034511789069404),
(0.11576081622905103, 0.13101830907993001),
(0.9732177934566425, 0.3823126815804172),
(0.3431002866300516, 0.87260749902379486),
(0.67606413179707925, 0.92430877278806789),
(0.11946069214885868, 0.27022869459510124),
(0.7580484939099803, 0.2466026198826986),
(0.29856133795586898, 0.74652948164069965),
(0.88000716238891774, 0.56126542163423743),
(0.48845312470269792, 0.075305030305095472),
(0.51460256671853999, 0.47642553816938255),
(0.19335457789863, 0.8469985511417395),
(0.98832990982028535, 0.76106530813917417),
(0.35094977200876815, 0.39535177968331847),
(0.70587387335268448, 0.17039525828314073),
(0.011058996356770464, 0.68687666836896299),
(0.58689706529897434, 0.57202142373202058),
(0.13941187111003692, 0.00072026365983645865),
(0.86198306026897387, 0.35266254652623413),
(0.41997520845510278, 0.955022736530863),
(0.68078690734560965, 0.78009988978374967),
(0.10061172999221536, 0.41475025802515009),
(0.93369369028016069, 0.22921957356695213),
(0.40140427805644679, 0.6574058098634552),
(0.81387225012724085, 0.58497838373500721),
(0.36822602889753231, 0.064125686527994386),
(0.56456054292565072, 0.35620804937413753),
(0.24708085841197647, 0.89330357925871995),
(0.95092683885883267, 0.88550189081825825),
(0.35810866340203434, 0.31839089179705959),
(0.63899698788478132, 0.060492351349387755),
(0.061103742282161561, 0.52510927915851824),
(0.50022731842351154, 0.7077466824269415),
(0.24339045842949181, 0.14785222727269445),
(0.81021991256703063, 0.47812514277193663),
(0.48429225992689684, 0.85962470748343844),
(0.624744679427085, 0.9505828211178704),
(0.15345420191317155, 0.25665412828435119),
(0.80520006030822988, 0.12159060244112838),
(0.25029092887845938, 0.58199639542199266),
(0.87626883057156946, 0.6723855177607152),
(0.41368531746645609, 0.19067172134854102),
(0.70239670596637815, 0.44697717705466705),
(0.12495247517332822, 0.75171644895016754),
(0.87432666780690793, 0.85889104656077164),
(0.48093085394523921, 0.38061689959998185),
(0.54433352502823484, 0.13681950120268904),
(0.17997992654989417, 0.71540077986252226),
(0.73196137165439334, 0.50502662465888715),
(0.058704785847164355, 0.0065468372306296645),
(0.96257615512018058, 0.28205632817312004),
(0.30863340933002481, 0.97207902361020593),
(0.54720743225181845, 0.8368514400143946),
(0.15434186552431514, 0.46898093554025211),
(0.92395787588197242, 0.016336348139238212),
(0.3962631340870541, 0.50347438988309789),
(0.79889214961444655, 0.68443206058039419),
(0.27044949832793463, 0.16044377692794493),
(0.74726575295691944, 0.33440636773095889),
(0.064050087321640858, 0.97660878236101378),
(0.85532122301450486, 0.98716950550111882),
(0.38504752312021701, 0.30671881562470954),
(0.5949442044906087, 0.066327027000067401),
(0.24898378364647461, 0.50597457261263368),
(0.62845101566965911, 0.67543701450508153),
(0.053959615499609787, 0.18149098670288527),
(0.91548683558695942, 0.40818992424227341),
(0.31739594723067555, 0.76983664445145628),
(0.73376510521664151, 0.88354253820326112),
(0.067910141094578436, 0.36045542228330468),
(0.78743677030424597, 0.14908806863481017),
(0.26433636671701405, 0.64544191525243699),
(0.93198073002273463, 0.61292847709065801),
(0.39081070797445927, 0.12106593024783407),
(0.55422589122519217, 0.42305671527416394),
(0.12999508916894051, 0.81813134758172656),
(0.89327555509774026, 0.7927781051807643),
(0.32460224049452535, 0.48539990576766473),
(0.65087864047421962, 0.12840574658518455),
(0.1188629975209, 0.63851875816270864),
(0.53559887763005798, 0.59642928020564401),
(0.16815742397866107, 0.1108986140048645),
(0.77422874585919077, 0.34229694883648065),
(0.4644389847771403, 0.9838490715317576),
(0.70782968032615512, 0.81103604469955692),
(0.0094061241204674659, 0.40045203798796869),
(0.9844983230039428, 0.21434415471902499),
(0.40953877330459393, 0.71749951421879654),
(0.8192154312100639, 0.55548617759908203),
(0.34561873816171063, 0.041941090825592303),
(0.5682967035175116, 0.30642382554094011),
(0.15096348071710575, 0.92295499592668695),
(0.95795516686978088, 0.95660231284904407),
(0.30036670266629162, 0.35512239035980253),
(0.68943498513069801, 0.014218143736235235),
(0.017890267007744313, 0.56987333479464108),
(0.57832006489556842, 0.73001248567790145),
(0.23244326546273006, 0.23736025389800205),
(0.84533332921533144, 0.45487731509469598),
(0.42256904840341403, 0.82336970464199555),
(0.58470006160062982, 0.91226496966022474),
(0.22226332317706898, 0.28805217877180123),
(0.85651814654437397, 0.090742137277806834),
(0.33226803829996721, 0.622345898697935),
(0.90939588130509508, 0.69852328574939171),
(0.47632293869522946, 0.24397216305409863),
(0.66493983614117613, 0.49731112055951643),
(0.01198625449522427, 0.80576104942524507),
(0.77751303091283941, 0.82162031192553941),
(0.37830943881401419, 0.43348794131557922),
(0.50982730974776691, 0.2325284778907839),
(0.20115829528245599, 0.73307233606415123),
(0.63120899008811859, 0.55392052176337614),
(0.094860373123596159, 0.047949599731506365),
(0.91944618103968501, 0.2771691426263222),
(0.26222741716836839, 0.87618009234464922),
(0.62010191880780252, 0.75564668418167147),
(0.21506160072968467, 0.40931477599400323),
(0.98395273107775927, 0.11181541780915304),
(0.45039009996966556, 0.60458492170229261),
(0.85023100406764207, 0.71323420134902193),
(0.31351691641413121, 0.20468365847630876),
(0.68390533313966129, 0.25576032613164068),
(0.050242644765006145, 0.9170798937395318),
(0.79049337816124321, 0.90405934627380313),
(0.45787498429634388, 0.32545385609752553),
(0.52133363865839533, 0.013059524338434459),
(0.12702567529684555, 0.5665586921927992),
(0.71713402519895464, 0.70005982448714776),
(0.090225989177023874, 0.23177633880917903),
(0.9390981658727362, 0.4745679635236511),
(0.29273361382933744, 0.82748472841013809),
(0.64991137224269313, 0.93793741329758151),
(0.052293424674260555, 0.30323554762575022),
(0.83039818868516679, 0.19817756336444814),
(0.35518269555312076, 0.703762485632072),
(0.97634204836521787, 0.52043022609042344),
(0.48561301377505051, 0.050148438037063287),
(0.61319533150028949, 0.44810870662823515),
(0.2039519647066376, 0.76457172883706237),
(0.99164884323103086, 0.85623124250561189),
(0.29333135275247391, 0.41813933334907394),
(0.72637760989602207, 0.22036527903293768),
(0.033985390681791489, 0.72063497394850207),
(0.61012550463191817, 0.53936121631988254),
(0.23602945420993418, 0.039565250060641072),
(0.81571054508557828, 0.26573300439677949),
(0.38785199936100362, 0.92783608501171966),
(0.64789033368733928, 0.8128883844392284),
(0.1057014250046683, 0.48315959187972146),
(0.89257591526212365, 0.18646167586047716),
(0.47934994416354598, 0.64260239762034865),
(0.7794025232532461, 0.59473682776864178),
(0.30299359866366588, 0.098850670373277993),
(0.5242668192894947, 0.34058081663282413),
(0.2256412742695719, 0.96120828943976133),
(0.88595666835667752, 0.93498999975741959),
(0.35963534848502032, 0.29127198333111154),
(0.66300079922582711, 0.083664372070416854),
(0.10500266509758802, 0.53217714158725049),
(0.54519355414756188, 0.68041894741909437),
(0.17088745847130804, 0.16266637112833107),
(0.752352395403175, 0.39347237533819157),
(0.44463529117467965, 0.77278539440485783),
(0.52265681635190486, 0.9805444264944787),
(0.18627837042588441, 0.33863717670251475),
(0.75454059816050911, 0.030287611033030841),
(0.31083785558486299, 0.54789752411629533),
(0.99931402733461616, 0.63445819831398764),
(0.38450975565580486, 0.145676381824384),
(0.69156402853928356, 0.42037743833057206),
(0.071445266337071628, 0.81848487933221448),
(0.83854358738122015, 0.77357488694745402),
(0.45937812149518847, 0.49575223960345932),
(0.59585157948158185, 0.15649168697305152),
(0.14388406946177593, 0.6777987741247643),
(0.71538271417800869, 0.59778753835280463),
(0.014261059494007524, 0.06992459940924256),
(0.95354429095002102, 0.33138810813217168),
(0.33186424178133711, 0.99573362892448547),
(0.61680817942261035, 0.81613324795844733),
(0.14706838829325877, 0.43467960927226101),
(0.96769893578476585, 0.0057245069703484412),
(0.4540617515992324, 0.51902479596452833),
(0.84838761941886509, 0.6772701609580859),
(0.34923009091272833, 0.1653077526064981),
(0.71061674972799882, 0.25326750788539459),
(0.1213240603550947, 0.90951598896849972),
(0.80752053427331694, 0.95831021537160399),
(0.39872237288268259, 0.32914334817607421),
(0.5302881480302013, 0.067270294960464105),
(0.22825135801651639, 0.58752340915210066),
(0.63360404889170552, 0.70909536867378287),
(0.035219584287699245, 0.24014525340059795),
(0.9177944703962535, 0.49878083000549089),
(0.30120365250357628, 0.77919528917554337),
(0.69707057387681481, 0.99141271884301585),
(0.041212734648138766, 0.3691609229384849),
(0.83347369069673072, 0.12967339530255192),
(0.32981417688394865, 0.65518558101705116),
(0.95688612296496323, 0.60554265026109866),
(0.39797094149347589, 0.046118378681928841),
(0.62206152477366317, 0.41637618695866885),
(0.15036683113081523, 0.76218309839115161),
(0.89735586893894781, 0.86977838000063779),
(0.28626173778278041, 0.49364571678217228),
(0.63006714432281608, 0.22563354978791306),
(0.097338974102735662, 0.73595745046136896),
(0.5508405195748981, 0.53664470566250821),
(0.22054997630487494, 0.11573743337744305),
(0.76018370772055566, 0.27966214281594259),
(0.4987839269569817, 0.92040912807674879),
(0.69741054958066151, 0.83892711938330355),
(0.0035349208962977734, 0.4810592136796879),
(0.94286668537703444, 0.17344804600877717),
(0.47833341921696182, 0.70538058583706853),
(0.76944369042266991, 0.53335830512147997),
(0.30582003061433133, 0.032332286152997186),
(0.50491287874695367, 0.29857752399412357),
(0.13191036876441301, 0.97060971857531952),
(0.89863255336937919, 0.95947925088807884),
(0.28232043728139433, 0.28919059246962742),
(0.74274502267694986, 0.077472750409288374),
(0.10769497587455296, 0.58005007156370247),
(0.59797660632146354, 0.6694574966077137),
(0.17855986392920187, 0.22456319098551944),
(0.83631509269744209, 0.39252946056548232),
(0.41702449798867303, 0.75907525928226494),
(0.52543685273482554, 0.92580697096545284),
(0.20182980291532202, 0.32697038085028596),
(0.87108243578586564, 0.028012805341873542),
(0.33894310873458061, 0.55203309934964284),
(0.94634528457593936, 0.68764628141569728),
(0.44806512067375626, 0.14198786200981814),
(0.66794654366418726, 0.42450733163411447),
(0.024096437699797045, 0.82581624199439607),
(0.77605270025458339, 0.75725912051569122),
(0.38108743627263081, 0.47255923987399923),
(0.60698717913384692, 0.24876811427762952),
(0.2236514560998753, 0.67184567645550264),
(0.65553886865374666, 0.60833219411824513),
(0.073917990151901508, 0.088690163573829653),
(0.91081887277411955, 0.31587367877061506),
(0.36266039053088028, 0.89589372140710932),
(0.54927273191580428, 0.77699822094643789),
(0.22959414756535618, 0.48894567289889718),
(0.930304708127346, 0.11509382437811227),
(0.3932560467840257, 0.60006429111585835),
(0.78363997948701047, 0.70205490615959676),
(0.25207271925737768, 0.20272312731897818),
(0.67857074488081481, 0.33714627538296416),
(0.040207409998460425, 0.99695340635757668),
(0.84748251187552737, 0.88164280679279827),
(0.48667693117155936, 0.30977495208604267),
(0.58348539452342718, 0.0091049835708405732),
(0.14200251523611107, 0.51429455292562598),
(0.74106313076600505, 0.65848414151349899),
(0.086620371991049466, 0.17865354357486748),
(0.96675037254963136, 0.42690829338610381),
(0.35625821195630825, 0.82857112440929415),
(0.64544603801303324, 0.88072145569878346),
(0.069263418731540558, 0.28358649727797813),
(0.78611068136226281, 0.20549471679711237),
(0.2756929115211475, 0.71191009670427963),
(0.90809232736713708, 0.52539719979674016),
(0.44725947943411309, 0.09482433025480895),
(0.540352874320988, 0.44419481696266533),
(0.24120298449065297, 0.84101601267572501),
(0.95971019064358709, 0.80847282795296416),
(0.33545600586065727, 0.41279813301486229),
(0.73624136795411033, 0.15154298761736748),
(0.055459036553126964, 0.6536585644439511),
(0.61474931698955237, 0.6108797744661657),
(0.18552528465169782, 0.060905325599018637),
(0.82553050307306586, 0.32071342422014265),
(0.38872057539265537, 0.97913041105885801),
(0.63510495452213223, 0.7909141439397992),
(0.074519297367341836, 0.40309091680202885),
(0.88460921683301685, 0.2174757795110763),
(0.41869548109182469, 0.64128236198174482),
(0.85854894536285797, 0.61838119717024964),
(0.3367428939890354, 0.10495204160947906),
(0.60073155583680082, 0.32317161720448689),
(0.21066438800166223, 0.91985194687687022),
(0.99317026337502168, 0.9155095875667183),
(0.32251250586575181, 0.3658842271318144),
(0.67093532024313129, 0.026302998958976101),
(0.020555322927943199, 0.53890475727129816),
(0.55612713119323887, 0.72122729534606023),
(0.19889280495930067, 0.17644699891252655),
(0.76437530221684402, 0.44939832274301106),
(0.45507972830742111, 0.83574514026667701),
(0.57436384153419062, 0.98536331177155767),
(0.16774536443077412, 0.31097134879446442),
(0.77234641757000544, 0.085788154988667736),
(0.30675010195162317, 0.61391938302526716),
(0.92019343190791691, 0.63245871515346119),
(0.37997322950097817, 0.24095582849156252),
(0.72106747823516815, 0.48041503441226835),
(0.077731728689330051, 0.78676457025544011),
(0.82998386732491336, 0.8330140489384863),
(0.46288282271369846, 0.41175090509460466),
(0.51637695164541131, 0.16625396667869174),
(0.13502401470254352, 0.73155257073668445),
(0.6994704914614196, 0.55010761752940918),
(0.016922126426300883, 0.038928615287730409),
(0.99678142897726218, 0.26874126213682736),
(0.26675851769398112, 0.94267170301872139),
(0.52803629373162075, 0.86334017688981035),
(0.17238126630241626, 0.43773062577345873),
(0.89475024885049892, 0.033431587418238574),
(0.41502473435209791, 0.5448921235965597),
(0.76196219034540813, 0.63073111708948926),
(0.29086517563539005, 0.14258687415820381),
(0.7120236434642252, 0.34598219772772387),
(0.1105143251092532, 0.96426010985886157),
(0.84060229249077911, 0.96870084419418978),
(0.41083960152470311, 0.26345255687196889),
(0.57262009226954014, 0.106593475935119),
(0.20738028243757289, 0.54295888004525361),
(0.66081671453247237, 0.65006942525383093),
(0.0070048700856802353, 0.13919280225058139),
(0.9019229271354593, 0.38828703385395397),
(0.3534576547562498, 0.80306563938794118),
(0.69426694502631947, 0.93136160585426975),
(0.11332062832545993, 0.31747656030826155),
(0.77052011878553073, 0.1742372662690761),
(0.28420477571460345, 0.66576203667163047),
(0.90249506613589503, 0.5651720213007928),
(0.4240476131840577, 0.086885913172752169),
(0.51174200268932601, 0.38901898132543428),
(0.17706750274441102, 0.86805920072612053),
(0.9258129651013145, 0.76847206416258096),
(0.36459314273583793, 0.45535851552269357),
(0.65916029981034918, 0.18524152559014342),
(0.079657368955302621, 0.66793383912962134),
(0.50591801863562325, 0.5881001460393358),
(0.133097363826682, 0.079247901859681724),
(0.79482128128470364, 0.36485945622129834),
(0.4923055194393206, 0.94002393665526707),
(0.72417894647687986, 0.75298230195363569),
(0.047854363487988209, 0.43033222032802287),
(0.96346157742992267, 0.23445986866018623),
(0.40508677423507106, 0.73942136750873377),
(0.86039710438844963, 0.50840633082173026),
(0.32808102919135501, 0.020547792328501121),
(0.60225893424863119, 0.27244061745984111),
(0.18285778312420128, 0.89028900216884443),
(0.97123347965599049, 0.97429596347949377),
(0.25493605239958717, 0.33207153488494712),
(0.72768547057309518, 0.055881869414974583),
(0.038111318066876163, 0.61625625019243857),
(0.60814920559919927, 0.69608664455807234),
(0.19589747341161712, 0.21072462498349684),
(0.83509081988872103, 0.49197435199595185),
(0.40260689525514537, 0.84505671690626905),
(0.60535328087556006, 0.89750547992550367),
(0.19397281351326309, 0.25114040866670262),
(0.84286311892151022, 0.10810856706066692),
(0.37006863936356915, 0.57805204143030908),
(0.90434779330024995, 0.72805488618821557),
(0.45236142155777653, 0.21492996959055277),
(0.6423673158073131, 0.4676640828480691),
(0.046856847878656002, 0.7675154867987144),
(0.80273702761926835, 0.86670013362636866),
(0.43377820889633123, 0.37529802503219989),
(0.53791492817441156, 0.19465993288630493),
(0.23725139725731315, 0.69230151338989687),
(0.67461574682195868, 0.51722377949651155),
(0.083216960697808068, 0.022472214910870626),
(0.88195131161637974, 0.29677213076257225),
(0.28903146171905764, 0.90730131328647323),
(0.58053097764633188, 0.80221177205986016),
(0.23914017912630825, 0.40447920164646978),
(0.95212310776958275, 0.080777723270510693),
(0.46947235202203103, 0.59023134826440127),
(0.8271947687026453, 0.74148345955660688),
(0.34578907923994251, 0.22262230034961455),
(0.63754681737484131, 0.28615676806156692),
(0.029123802291554656, 0.90095250569435259),
(0.76684457734161204, 0.91036276663951898),
(0.4733908711997406, 0.34814435558495221),
(0.53269229242412586, 0.037095582527995732),
(0.1572927109500438, 0.62001216048596597),
(0.72859282367171152, 0.72549894376957758),
(0.099409817473497267, 0.21112886860311403),
(0.97791533401254049, 0.45716284905908922),
(0.27249240869942842, 0.85093148565660293),
(0.6719479114294532, 0.9883596580783397),
(0.029439438810022086, 0.26370151656769647),
(0.87198722001996709, 0.24516546306066409),
(0.33984644061769292, 0.72384065390135055),
(0.94367476434254838, 0.54497528261585804),
(0.44291616752072882, 0.019526742245377288),
(0.57136762166775779, 0.48818484555197939),
(0.23130152303138618, 0.79898787792075632),
(0.94814734656866306, 0.84366926656175134),
(0.27364574174555967, 0.38398193500272004),
(0.71302625387760565, 0.19667357933727131),
(0.00097905963100626417, 0.69038079113850648),
(0.58790678286460751, 0.51053056705274802),
(0.21771171241919496, 0.02463850926927787),
(0.86335417018859195, 0.29422527426114842),
(0.42589257162642713, 0.90029416975071319),
(0.65727485507795846, 0.85443289627984442),
(0.085855603880082759, 0.46389180205640757),
(0.92963689226788837, 0.15333429842524807),
(0.46781266384720632, 0.66217581357156741),
(0.79549447603893431, 0.57611719523908356),
(0.27832898227572594, 0.092036146740081648),
(0.53408235095801593, 0.36208678361641972),
(0.2060648025192075, 0.99412856792897908),
(0.92208088742353245, 0.87788405389214674),
(0.31545460531714842, 0.27736620832333658),
(0.64432753877570337, 0.102520452662724),
(0.081043522251737415, 0.53026158659239542),
(0.50895648208115007, 0.64760490374863455),
(0.14629111860917351, 0.15442065396443308),
(0.79692115547190778, 0.42858222648775374),
(0.47178174279050095, 0.78412015899562448),
(0.56047785701157327, 0.94413306398791608),
(0.13773266480959376, 0.35836168998983536),
(0.7830069346541606, 0.058572748704539268),
(0.26949647234888752, 0.52235718810327447),
(0.94088127127964538, 0.66110036451845355),
(0.4286925328291552, 0.15901755148556052),
(0.73730594570967456, 0.38483520612581373),
(0.11320822973348427, 0.85338904082800149),
(0.8690634186338777, 0.78320303933366053),
(0.49714886573562717, 0.46486415402742365),
(0.59108957977965149, 0.13282590916822987),
(0.17483346216422851, 0.65142813129734212),
(0.73834095769964403, 0.57418170108325828),
(0.04449878364537934, 0.097651310564976293),
(0.97055972740817609, 0.3507406980540817),
(0.36528498299206663, 0.9658714611356598),
