(0.77880502306498078, 0.5881137083626774),
(0.32679242667369068, 0.025086334975154664),
(0.060188628771174181, 0.84470753758433925),
(0.60177386253191878, 0.47784621463241578),
(0.70775152892936677, 0.89358018287979668),
(0.17093112446641068, 0.33345924640690405),
(0.4589197336249628, 0.71626267620454875),
(0.95253557665073996, 0.15888460692371648),
(0.51258519813267533, 0.66044721121247563),
(0.088331740814725182, 0.23165696280765133),
(0.25151607961919303, 0.99025171877615348),
(0.86290840070183983, 0.28518433701096996),
(0.92239162909817674, 0.81101926186860862),
(0.38654866662523091, 0.37859375351591723),
(0.21682646875047573, 0.54860743008446311),
(0.67383719363223349, 0.082182654131687738),
(0.99902192467648654, 0.74613741655698995),
(0.47705972255945861, 0.14256104273837519),
(0.15175837340595225, 0.92843880628541597),
(0.74426250804478433, 0.35030040769017134),
(0.58567382218773822, 0.82567872693176769),
(0.019285525676165014, 0.44641721189520045),
(0.37063194298953711, 0.60629341448056828),
(0.78520094234720439, 0.05920544554390908),
(0.64053124310140208, 0.50828393646525372),
(0.23333887383193938, 0.10725036161440851),
(0.40957929094793016, 0.75520232858246106),
(0.90440362528567686, 0.43330808134761722),
(0.83266258370933088, 0.94973975101837771),
(0.29690244363740848, 0.27371079121671082),
(0.1047680399366135, 0.65036903886184749),
(0.54669957360358634, 0.21644514705078094),
(0.84954590270717711, 0.63436941103090461),
(0.27167880519925264, 0.20237629010946651),
(0.063771123409535294, 0.96814187079769642),
(0.52046492044536852, 0.25074384782255515),
(0.65765515319203904, 0.77178064530591306),
(0.20259670694095464, 0.40657963984968359),
(0.39656246291365016, 0.52064861341574908),
(0.91628353634553972, 0.120590462025436),
(0.61417135290710034, 0.61251759841242404),
(0.03798421825507492, 0.037064183467453229),
(0.3389493496753736, 0.84239642476289356),
(0.75651888267147938, 0.4652902966454584),
(0.96588921983799103, 0.91938058087359731),
(0.44310392116020769, 0.36327940088769517),
(0.1777286372801371, 0.72473354534060574),
(0.68810641442765708, 0.13277700470948364),
(0.8856476009838351, 0.53740180474334653),
(0.42473649995668789, 0.066402682668247753),
(0.24940261799676833, 0.78718539951108113),
(0.65311240247748548, 0.40338840604465537),
(0.5502502785019453, 0.97362724863357053),
(0.10965581574808132, 0.30203811337703762),
(0.29290282354577279, 0.67353903553007322),
(0.82650410650655037, 0.23699310602996784),
(0.72144197514407815, 0.69690657778585818),
(0.13660719270876406, 0.17208105544441443),
(0.4966594343215443, 0.88264500094244447),
(0.98240872959858172, 0.31974731086259994),
(0.79820889703556219, 0.8748035631131037),
(0.34453743320947727, 0.49251574244185825),
(0.0027400594037647681, 0.56714145455465903),
(0.57201725057724961, 0.0050588592691092997),
(0.81969370742953518, 0.52384436725616224),
(0.28729623224882261, 0.1103655857915736),
(0.11911808840528383, 0.77722589564099775),
(0.55651829222473082, 0.41658309393292886),
(0.64226767027642928, 0.95374214950317804),
(0.2393554099888178, 0.25964117305508838),
(0.43605928205372563, 0.62539389709983562),
(0.87750733844735507, 0.19200987981172696),
(0.56691712873460731, 0.72966621513425656),
(0.015238571620242662, 0.13364607790424265),
(0.35853135236612371, 0.91312898418664368),
(0.80665276989238976, 0.37268186027430084),
(0.97320838875413473, 0.82900910614705725),
(0.49083058263302032, 0.4562039276600231),
(0.13197153894913977, 0.62354389341850502),
(0.72758337242497173, 0.04051059293860064),
(0.91094686508774203, 0.68496402991810013),
(0.40391684770815045, 0.24840097156910118),
(0.19063858237461573, 0.98313063638489517),
(0.66580645714898101, 0.30509845579389483),
(0.52661605615132923, 0.79350722487450043),
(0.077402284828652163, 0.39698414061857462),
(0.28093343851674868, 0.54674361661102644),
(0.85846831604063811, 0.075935102793017295),
(0.69852786391904931, 0.57381048284378611),
(0.18446955613096661, 0.0079403869235304524),
(0.44800118196094157, 0.86554920696692561),
(0.95749251134699653, 0.48665908957655002),
(0.76427515294683435, 0.88799325768211013),
(0.33074881528212069, 0.32627764691374278),
(0.044428798850841902, 0.69187552228615978),
(0.61950274141628958, 0.1844349820871492),
(0.79087024614154289, 0.70896005746178403),
(0.36318109231423978, 0.16500573256379855),
(0.028261810774619343, 0.90381943636489759),
(0.59089603410966451, 0.3394610181608631),
(0.73789628122402362, 0.85369712814806742),
(0.14744631214834072, 0.47248264516279986),
(0.46945319011512726, 0.58153320121951702),
(0.9849623263812185, 0.020965603675990402),
(0.53367654864467129, 0.56053407858556492),
(0.10094091583605698, 0.091072860162021374),
(0.30886943613171308, 0.79882385496740427),
(0.84144113541251764, 0.38621696098968683),
(0.8961251457967967, 0.99828100381726392),
(0.41498472690398552, 0.29637825680774821),
(0.22115582241674814, 0.66726317080118125),
(0.6265756780934667, 0.2226851060172729),
(0.93992391347424142, 0.59760800760193067),
(0.46321787289710864, 0.053680498187367878),
(0.15749456804176074, 0.81254053284940897),
(0.71296789336323718, 0.44398822690646955),
(0.59934712966846782, 0.93193512755349106),
(0.048259935988404078, 0.35171457548176954),
(0.31781479592968959, 0.74142231057438013),
(0.76619239589591792, 0.15361396193507026),
(0.6836695705524567, 0.64701484862819536),
(0.20989199378387047, 0.20990035577734584),
(0.37759773768075122, 0.94389049817344717),
(0.93023312482194909, 0.26948689239446755),
(0.8725196164843263, 0.76268485131270225),
(0.25971883377579291, 0.42870674343572518),
(0.082579540457487513, 0.50666488019095368),
(0.50476328338276166, 0.097397480155543725),
(0.8639209129783153, 0.61914144857393028),
(0.25654031338676914, 0.044664294378853428),
(0.090994906324465441, 0.83425341096228167),
(0.50993500166653627, 0.45767851009419713),
(0.67789442622146145, 0.90928941632386218),
(0.21467886002960934, 0.37035333253700364),
(0.38746062448037782, 0.73102333540356246),
(0.92600550219746802, 0.1375335286640364),
(0.60586870253197245, 0.63025522229518993),
(0.055581262240985738, 0.19101059635132239),
(0.32383942213812567, 0.9601574801001399),
(0.77643701585936753, 0.26425473356620155),
(0.94899543940298481, 0.78095214155348813),
(0.45455781820052793, 0.42091694810439134),
(0.16488808654760795, 0.5275989606056356),
(0.70509332081881659, 0.11401290618715403),
(0.90135456513752465, 0.69086755374700248),
(0.41170243955078967, 0.18247341730288472),
(0.22686347421728298, 0.8860185869541839),
(0.63590902412107864, 0.3236905391998196),
(0.54170664185959017, 0.86187498530113793),
(0.1054920932624924, 0.49022633223550177),
(0.30164757300836953, 0.57758739996680364),
(0.82990780545257992, 0.015328742548528),
(0.74682464763720324, 0.54207001642774555),
(0.15547719393474041, 0.072407214313384205),
(0.48222335285403595, 0.79197285162404529),
(0.99489852389469402, 0.39349872630848576),
(0.78137174595900227, 0.97853120407393102),
(0.37214547331778697, 0.31081255707190675),
(0.023156047779574061, 0.68191089969355279),
(0.58029763551985236, 0.24435068589297149),
(0.75033553518091733, 0.66832983362204557),
(0.34060065293930825, 0.22184080362224762),
(0.032309425816065281, 0.99561986549721138),
(0.61187283071796605, 0.29132875042486139),
(0.69253872272654626, 0.80400464510429026),
(0.17310397439602554, 0.38835404874177765),
(0.439126595799888, 0.55603023866777834),
(0.96219322080718395, 0.086428437819750847),
(0.5163143257833438, 0.5851571296586523),
(0.069028599309627528, 0.01756017303222911),
(0.26906430375205986, 0.85867853645215841),
(0.84565791868683826, 0.47543874737728992),
(0.92003373417250911, 0.8986721028612118),
(0.39257869198095441, 0.34274197929333294),
(0.19559563002922745, 0.70346255037096317),
(0.66137347816558778, 0.16971254044008482),
(0.98000484641931795, 0.50250065009213241),
(0.49246195973976492, 0.099008623416547606),
(0.13949905210976851, 0.75852355542447658),
(0.72336951544847483, 0.42309542642890702),
(0.57789285616699893, 0.94098326646252606),
(0.0052231902567794431, 0.27301136166117024),
(0.34970032525433431, 0.64120576645965022),
(0.80110949698049372, 0.20680643855513384),
(0.65097640603784446, 0.73789877588573416),
(0.24501564409560445, 0.15035256726590973),
(0.42945928558599811, 0.93661733363190569),
(0.88961606091842116, 0.35827926884776279),
(0.82266258031966832, 0.81781340327242391),
(0.29365377273474735, 0.44073315499688559),
(0.11661085500603208, 0.5993720237821607),
(0.55425448809590316, 0.048574390377287578),
(0.81056198064291241, 0.55386199275334269),
(0.35159890212510653, 0.078833379864949968),
(0.0098749552831074085, 0.80791766686377608),
(0.563698215277327, 0.38032613396994513),
(0.73107273451632737, 0.98649765775690068),
(0.12845778139171743, 0.28357918055243736),
(0.48534023734292364, 0.65802963619482757),
(0.97014621604712092, 0.22972679104384366),
(0.56197677915600486, 0.7133721593083644),
(0.12269032530970063, 0.16402365768856098),
(0.28200352195635198, 0.89727553120603121),
(0.81256384369616608, 0.33068142799902395),
(0.88077420320168742, 0.85091334324473367),
(0.4301730662962191, 0.48102852735175822),
(0.23639503366287223, 0.59313743939492614),
(0.64600340061244788, 0.028436609644774211),
(0.95622364434432539, 0.65278383566390141),
(0.45015435810416071, 0.2147909599818997),
(0.1819269076600912, 0.9465976790376962),
(0.70126629810600016, 0.28047355447038042),
(0.62174394116210085, 0.7517523998186405),
(0.0399408357980304, 0.43650310683990995),
(0.33352711907679305, 0.51303111523100342),
(0.76086540112547252, 0.1019319576062776),
(0.66987553427953173, 0.60343948570118533),
(0.19465047565114055, 0.057042688346558949),
(0.40141749065964855, 0.82200034305011138),
(0.90849553676791572, 0.45028053381335814),
(0.85278603184358559, 0.92559908388930079),
(0.27579903686294344, 0.34499884421172894),
(0.071771017501640486, 0.74260652587447784),
(0.52922540721742495, 0.14709459913257558),
(0.83724627089202686, 0.72225290278723608),
(0.30541632364849641, 0.12809296949113827),
(0.095013186373096151, 0.91615112442875823),
(0.53539479839680926, 0.36628892872681201),
(0.63211889248061515, 0.83809548401756906),
(0.22468386533738893, 0.46110736712233502),
(0.42028324147085538, 0.61533995250846674),
(0.89303047946922121, 0.031470732651591393),
(0.58862510799017842, 0.51744873569389938),
(0.024660305753448054, 0.12258037488651394),
(0.36464008099115458, 0.76747697147135785),
(0.79519160615499629, 0.41310534679756389),
(0.9902860893982951, 0.96217229802311788),
(0.47270288336928812, 0.25393589193350863),
(0.14451404739209051, 0.63762053489314463),
(0.74029554695466926, 0.19703294020529158),
(0.93569904106553514, 0.56548427336274698),
(0.38014328775065476, 0.0028190072934811549),
(0.20565580073312748, 0.86945591832085056),
(0.68028615826188732, 0.49854595848610328),
(0.50093881545825381, 0.87651482402738334),
(0.08189576342771164, 0.31603814817308923),
(0.26247162099864502, 0.70042978869811134),
(0.87059312344536777, 0.17873117834656985),
(0.71489192336848362, 0.67781176559280731),
(0.16211499505488525, 0.23884468572985063),
(0.46863007925553712, 0.97236795396192366),
(0.94180321986390614, 0.29813363599014392),
(0.77126930840918806, 0.78196073471773198),
(0.31260333991098205, 0.40014279977346312),
(0.052918791887577622, 0.53372963519482874),
(0.59731755909453754, 0.07024319311064324),
(0.78714274023203223, 0.60858747640377897),
(0.36861778561798403, 0.061965684035028237),
(0.01602050788453056, 0.82625701491994408),
(0.58371092447299089, 0.44899319783099334),
(0.74393984709816185, 0.92651118833743695),
(0.14933338374445371, 0.34769312796159496),
(0.47914002533986522, 0.74878282730210521),
(0.99622302276930985, 0.14419157207575756),
(0.54398334236610324, 0.65155284248029499),
(0.10282222398128102, 0.21804186210287357),
(0.2997792728979416, 0.95304682684064057),
(0.83513974425855197, 0.27697785733497765),
(0.90274304586770304, 0.75666419477631508),
(0.40663954126495816, 0.4314165411562374),
(0.23197154175101078, 0.51010840069964292),
(0.63750704960004767, 0.10757639495367342),
(0.9498153366207891, 0.71846302031662757),
(0.46028011533389429, 0.15732707565712548),
(0.16955482283381743, 0.89181740857167624),
(0.71009588589297012, 0.3350677547630998),
(0.60539315533640981, 0.84745637006971442),
(0.061448713415248275, 0.47855642038371532),
(0.32504159904791813, 0.58777656534438694),
(0.78032339058253919, 0.027058810396544029),
(0.67240201800025534, 0.55014488307139575),
(0.21566745027866333, 0.084066382644443452),
(0.38359574078876962, 0.80999955942483337),
(0.92469659375285174, 0.37545124910179939),
(0.86064543328649101, 0.98874275911013332),
(0.25317229899095006, 0.28742454664998657),
(0.087403318483566333, 0.66287206032677326),
(0.51557165697843088, 0.23361606769400467),
(0.82534839402281523, 0.67462365587806428),
(0.28978157323952897, 0.23481729917072672),
(0.11196864363771074, 0.97501725675072248),
(0.54759961546045666, 0.30375580277062669),
(0.65442395565102207, 0.78632860306239971),
(0.24690312313964022, 0.40452207660445039),
(0.42254936704784302, 0.53527250565542395),
(0.8840210099619682, 0.063765413823893863),
(0.57383958020818737, 0.56899477226267048),
(0.00091273258805849868, 0.00697354835492703),
(0.34597957076112035, 0.87120133733278504),
(0.79895221483831969, 0.49414722275456036),
(0.98354703359219819, 0.88050815935517301),
(0.49810405708544842, 0.31725486459537028),
(0.13344771179249595, 0.6975392481439322),
(0.72040853105338687, 0.17473658358004643),
(0.91561819400696687, 0.52254559265263945),
(0.39634151656772232, 0.11891943666893236),
(0.19985575203558031, 0.77034719130477503),
(0.65868297653676411, 0.40914876005934281),
(0.52289406939196803, 0.96532880176504843),
(0.065505902856795847, 0.25238287561622536),
(0.27096288013094266, 0.63647706765199119),
(0.85016853647398716, 0.20107578229766546),
(0.69110218163112347, 0.72322209497961476),
(0.179319041464024, 0.12936280005861242),
(0.44378735643382217, 0.92083343768662274),
(0.96802827051879525, 0.36078830610502527),
(0.75450740076678402, 0.84162820613539169),
(0.33606782600011165, 0.46836619341373242),
(0.035239796045426319, 0.61120785352131557),
(0.6157789736917747, 0.038665629607944736),
(0.85632729227593318, 0.54399824042476541),
(0.2777268324834884, 0.077192410830169686),
(0.075834419382721882, 0.79553208651349716),
(0.52508761490472888, 0.3958730796999177),
(0.66685072972526849, 0.98089299665465712),
(0.1883036844801371, 0.3079279694076657),
(0.40504848243305552, 0.68657863685698228),
(0.91376322426315892, 0.24682075487200456),
(0.6183259892631312, 0.69478445244470921),
(0.046705331729992285, 0.18648383983841108),
(0.32933356760540045, 0.89046774637362214),
(0.76218163051179511, 0.32553392963593414),
(0.96062686323604829, 0.86454320748360414),
(0.44549766974083088, 0.48550781391585063),
(0.18729182593688332, 0.57122449116010421),
(0.69616729568907487, 0.010733551222123989),
(0.87585073006532888, 0.62781526758814421),
(0.43497029643099255, 0.1937957018967158),
(0.24142171699161455, 0.9567628382870571),
(0.6436530572522059, 0.25978366744193637),
(0.55683018042064636, 0.77356095748831799),
(0.12105911594261283, 0.41533945584099952),
(0.28530152604052611, 0.52607260206255857),
(0.81654539297691053, 0.11261216657585375),
(0.73022596392686001, 0.62186004014109775),
(0.12902539903897633, 0.041239276019012297),
(0.48950811139523992, 0.83121910900967444),
(0.97654831559986843, 0.45375191647242719),
(0.80486897397192569, 0.91176095350577036),
(0.35704017246412906, 0.3740068997988597),
(0.012562349155485816, 0.72833650576663833),
(0.56942630584326714, 0.13664705100641894),
(0.76812144736189425, 0.73898363542211576),
(0.31966797419738352, 0.15484903216681237),
(0.049032539365395464, 0.93116950244308816),
(0.60004926001672476, 0.35360403038861443),
(0.71123257723067523, 0.81589368218213687),
(0.1582762731141778, 0.44150166113098316),
(0.46128598568558965, 0.59528455516857204),
(0.93834453765158765, 0.052484712359985648),
(0.50688231889189161, 0.50500500067294496),
(0.084683301482133252, 0.095578525347870785),
(0.26037568733333971, 0.76444802357521813),
(0.87333455962799611, 0.42688037074383806),
(0.93338152723870671, 0.94293286008772181),
(0.37636939153543786, 0.2660439931765734),
(0.20874374392412035, 0.64473398700108209),
(0.68738948046982984, 0.20819514479328885),
(0.98752636782737513, 0.57899394062057041),
(0.47091100383010126, 0.02339781085959939),
(0.14617670046643769, 0.85337540960313762),
(0.73489359396457277, 0.4697161468238033),
(0.59374960553402956, 0.90571515134043068),
(0.029993958787655935, 0.33740656938585495),
(0.36094116331540982, 0.71050688031745901),
(0.79234431877166744, 0.1674827238483334),
(0.62701488341922185, 0.66587868034203324),
(0.21937431466457022, 0.22506848791567993),
(0.41678178884253286, 0.99777322089746046),
(0.89791268692549175, 0.29488009539212018),
(0.84248699506873348, 0.80009595912310449),
(0.31182188654794257, 0.38281343459093037),
(0.099286221003028266, 0.56132549788901676),
(0.53138943360828705, 0.091858692256328464),
(0.83190257182620042, 0.57485936902540458),
(0.30436616126499877, 0.013181509485267005),
(0.10920100758408785, 0.85944712536901935),
(0.53959786565347612, 0.49135452475418462),
(0.63408943054085376, 0.88406584191243842),
(0.22950520815452172, 0.3208616573082187),
(0.41378923184766503, 0.68915296267363191),
(0.89934631774439655, 0.18073407097770255),
(0.57870061886872604, 0.68040273344014168),
(0.020291579074724432, 0.24240393791166404),
(0.37344219372936471, 0.97688453842650613),
(0.7838472846922373, 0.3097366258056512),
(0.99396219413730191, 0.78933805521993017),
(0.48375426050155812, 0.39251068934255107),
(0.15305936850479815, 0.54039590664769943),
(0.74837526989099468, 0.071537242766182702),
(0.92802792845715365, 0.73410561637122107),
(0.38897299259548052, 0.13997459803647935),
(0.21198594953652936, 0.90735024489849536),
(0.67731282173722152, 0.36727329347241128),
(0.50828631035151339, 0.83386816319215207),
(0.093516891711820135, 0.46059255312450953),
(0.25454633681272659, 0.61729898335097555),
(0.86525679998549676, 0.045680424292190512),
(0.70483667844028819, 0.52952889848069917),
(0.16788594699784698, 0.11581453611337421),
(0.45656321647771508, 0.77910436151839391),
(0.94617861162984263, 0.41990842489914976),
(0.77533094963339222, 0.95759704484655006),
(0.32158728035554734, 0.2633533958701757),
(0.056913132594805869, 0.63173505168456756),
(0.60886156505658284, 0.18927731278418167),
(0.80346626762874995, 0.64315294674555246),
(0.34768804200722064, 0.20361707215782687),
(0.0063848792869789246, 0.93816916096456526),
(0.57548982548218997, 0.27113026910133403),
(0.72486363771315232, 0.76071998814951913),
(0.13724495028453693, 0.42386629807055998),
(0.49496455363740249, 0.50047737540688175),
(0.97819394762144418, 0.10077490990626473),
(0.5519234123249368, 0.60071856809590318),
(0.1133492831281746, 0.05011775265733602),
(0.29677167923339032, 0.82026349323623682),
(0.82115497990496145, 0.43849694131013417),
(0.8883827591570127, 0.93404116673357906),
(0.42697936543938386, 0.35620099280265616),
(0.24330646564189473, 0.7345347428091572),
(0.64999527197924101, 0.15206384036870216),
(0.96337931770868024, 0.55769800863891017),
(0.44136932967825176, 0.088298741637974035),
(0.17565693625453987, 0.80262304641337556),
(0.69440474005624497, 0.38993083258103733),
(0.61071024111351258, 0.99409878864490575),
(0.03484122971958848, 0.28995138522374159),
(0.34208824723907694, 0.67122091012290441),
(0.75218485241345501, 0.21958880396864014),
(0.66400317860168012, 0.70554420705899579),
(0.19849381842446762, 0.17105198297090568),
(0.3922268341584445, 0.90145777743057509),
(0.91799629313794495, 0.34135721454119594),
(0.84727843704105354, 0.85593686612985564),
(0.26645675333495616, 0.47426879890847762),
(0.066698206806945853, 0.58268835160043908),
(0.51847511824055037, 0.018444768465863435),
(0.75875594188514184, 0.51501604978448867),
(0.33416205136484528, 0.10476514701577508),
(0.041864418931705498, 0.75233128017418383),
(0.62467760021962127, 0.4340971799606313),
(0.70030298875850061, 0.94739986870520576),
(0.18037146181586675, 0.27909897778112647),
(0.45193618820467413, 0.65446771343157362),
(0.95464753263585278, 0.21249993385537566),
(0.52945133617351836, 0.74559237627996133),
(0.074038750590706082, 0.14492803846293603),
(0.27474090353722491, 0.92255046758781356),
(0.85384733616624875, 0.34587082228638877),
(0.9064142941713409, 0.82351962740610707),
(0.39994508507689008, 0.45160704329831508),
(0.19212144990961763, 0.60448825373713078),
(0.67007395366311695, 0.056464033734669676),
(0.97224538357765589, 0.65870363131402954),
(0.48767512738892832, 0.22776335589338456),
(0.12662969132318211, 0.98613311309983798),
(0.73418819145912306, 0.28154401680910662),
(0.56558329818900333, 0.80532617630943071),
(0.0082184346876076845, 0.38142238320792937),
(0.35382889442273974, 0.55194811333201044),
(0.80992315443754626, 0.081702008974901971),
(0.64786983944696519, 0.59115672417442933),
(0.23457822745698578, 0.030687507844177352),
(0.4329617428052176, 0.84785006813699271),
(0.88133657811036381, 0.48265248152637713),
(0.81635391049287998, 0.895263735946348),
(0.28332584370976671, 0.32919724678327883),
(0.12357712794333228, 0.71097885886966861),
(0.55883884775760195, 0.16137583248271692),
(0.86859493875101168, 0.70299042176280802),
(0.26532090370039518, 0.17745735739122365),
(0.079174646425284059, 0.87826400600542309),
(0.50387405642419791, 0.31339027574199951),
(0.68260817582716748, 0.86742602523556611),
(0.20332730784984887, 0.49779705263857299),
(0.38176788767544401, 0.56319633884357112),
(0.93515406508453414, 0.00057637727185515545),
(0.59497981279153522, 0.53312448652508249),
(0.051347496618336139, 0.067677901735757509),
(0.31469409716083102, 0.78390723357487169),
(0.77218553460860384, 0.40076200106101728),
(0.94390292227856099, 0.97031105873450973),
(0.4653265863950527, 0.2995577877444966),
(0.16050986399368039, 0.67704010935428527),
(0.71698067090581841, 0.24036922729702231),
(0.89092512228776144, 0.61357651693538195),
(0.41808770502536474, 0.035141519596371726),
(0.22287212369261647, 0.83781651921998568),
(0.63055345620539882, 0.46336879103253747),
(0.53850274709946622, 0.91418581638115226),
(0.096255498436493697, 0.36339018444221804),
(0.30839057082910554, 0.72020654972854448),
(0.83956620876686527, 0.1264071116020915),
(0.73909962740822477, 0.64004197968679155),
(0.14196969140737065, 0.19790655199573934),
(0.4751334105229838, 0.9638373872352326),
(0.98846168431025816, 0.25672521648746249),
(0.79341778652953276, 0.767831783046937),
(0.36657267631696061, 0.4105687233497588),
(0.025490279690783237, 0.51820520726740427),
(0.58772102810144955, 0.12366433609994328),
(0.75745570355005554, 0.60990942323625086),
(0.33795848953259994, 0.03796893414995365),
(0.038652020482341766, 0.84006413240633826),
(0.61508282491790067, 0.46753272776252819),
(0.68884724833769551, 0.9217380183515782),
(0.17660623783001694, 0.35950587938396317),
(0.44223578331366387, 0.72414400187402272),
(0.96575121744703929, 0.13003835815697326),
(0.52063125785971243, 0.6348282066592088),
(0.062639874908048496, 0.2001297444225261),
(0.2728677960757685, 0.96672059342911842),
(0.84780769578435411, 0.25371013512244117),
(0.91787029946314636, 0.77072464018150766),
(0.39818101235648984, 0.4092330897624617),
(0.20121028227810075, 0.52239835976312154),
(0.6565055097232001, 0.11739688133418336),
(0.98111099494095966, 0.69912154339892818),
(0.49769513081692163, 0.17535542319528186),
(0.13536445076889261, 0.8791979843182427),
(0.72252623925215465, 0.31832843922873955),
(0.57094634643461095, 0.87224423534010886),
(0.003868578778038942, 0.49602186821256644),
(0.34503698949017902, 0.56973538139076041),
(0.79717919326364439, 0.0061793307144295886),
(0.65404269183806341, 0.53638599169897627),
(0.2484097044472334, 0.063018393525244978),
(0.42495282511992544, 0.78574744951974018),
(0.88642763413240699, 0.40542826592836906),
(0.82790776761778373, 0.97653775185211111),
(0.29107004689959592, 0.30303417312173292),
(0.11044047490716119, 0.6755919622762615),
(0.54883832937303967, 0.23607182858489623),
(0.86187506634747268, 0.66391320278432142),
(0.25050782195119276, 0.2325752038285378),
(0.088961400167209326, 0.98983276771198825),
(0.5133117347500108, 0.28901918662693665),
(0.67532978372133445, 0.80874717940903795),
(0.21825053015523585, 0.37624942028833724),
(0.38479029212716143, 0.54887982214422193),
(0.92370919465298384, 0.085586979005990577),
(0.60315560638545496, 0.58627940581716698),
(0.059404764996041158, 0.025573818382983594),
(0.32751387372850627, 0.84594377829527023),
(0.7778934520613342, 0.47962088005431897),
(0.95140636028631409, 0.89146567826229017),
(0.45788290915654839, 0.33496037058379829),
(0.17019227136803755, 0.71689658080857155),
(0.708954761291965, 0.15631520142203165),
(0.90554702305663992, 0.51090936225070471),
(0.40821966052017111, 0.10879449299007032),
(0.2342845161322844, 0.75717285830983982),
(0.63928046720187692, 0.42998186798695931),
(0.54512797954743553, 0.9519413008912222),
(0.10427041075621944, 0.27574245361684285),
(0.2984188906424951, 0.65101156204947086),
(0.83377009626845922, 0.21694002190115577),
(0.74558161970100245, 0.7490915149968681),
(0.15105619560899869, 0.14329264642642031),
(0.47794119613639091, 0.92709678676235874),
(0.99931662720515768, 0.34889461063255928),
(0.78657012879213994, 0.82762256307082605),
(0.36930068525094595, 0.44777018799674451),
(0.018227217067591481, 0.60812687685472278),
(0.5845842141662253, 0.061280403339085167),
(0.84016801843227129, 0.56209941424258769),
(0.31052148324360712, 0.093535283940790734),
(0.10053753498986796, 0.79908211222346293),
(0.53472098115051769, 0.38418230017472615),
(0.62526182514151485, 0.99685553111587388),
(0.22261141007646568, 0.29336769509036542),
(0.4154578828981883, 0.66415986714368225),
(0.8954696624153855, 0.22578756980632222),
(0.59071755725716435, 0.70936387144985769),
(0.028846173385499354, 0.16641679763500375),
(0.3616538114067368, 0.90457655175218421),
(0.78974815692603773, 0.33657163933093237),
(0.98573060158285841, 0.85185784276578436),
(0.47016872023575706, 0.47065292082722171),
(0.14782215452086003, 0.57970592051561465),
(0.73718267242560021, 0.022100555081632285),
(0.93094274895249629, 0.64572057862404508),
(0.37881265820657622, 0.20750932441878064),
(0.21056596062918309, 0.94173356819313248),
(0.68484845580257825, 0.26713442185363273),
(0.50516253372850151, 0.76485914914242725),
(0.083787794675558594, 0.42656892550200848),
(0.25792463790487047, 0.50482869032330668),
(0.87141126938350588, 0.09397152362920648),
(0.71401696482922028, 0.5938712690261434),
(0.15633663390619643, 0.05152394013921005),
(0.46397005285189874, 0.81512536293619631),
(0.94051099536161664, 0.44292288188585799),
(0.76682963434351625, 0.9305376217699719),
(0.31702344734292703, 0.35482766096285812),
(0.047456725563951405, 0.73975519667666267),
(0.59774391709817465, 0.15584999076805706),
(0.80812284747243102, 0.72687102332527209),
(0.3577298132094191, 0.13526227288650722),
(0.014097408547936625, 0.91096783560423067),
(0.56758215458043293, 0.37438716332741256),
(0.72673664169639951, 0.83059396870603186),
(0.13152901472734355, 0.45440855864243906),
(0.49209571602545071, 0.62260648573886179),
(0.97381683087867443, 0.042854417605987252),
(0.55484327984046355, 0.527062407926016),
(0.11775536667326551, 0.11194675597773082),
(0.28838141092784442, 0.77513803659239222),
(0.81906759931331674, 0.41478743680620989),
(0.87887796087452841, 0.95562914259690435),
(0.43741082151261429, 0.26099832533121853),
(0.23835345922994466, 0.62846897058414963),
(0.6415682239837347, 0.19470486220045552),
(0.95879521916475718, 0.57190580524156032),
(0.4484275366333656, 0.011255694936957026),
(0.18518350773305142, 0.86373269229300642),
(0.69805308419117018, 0.48483852322700227),
(0.62063826040038761, 0.88869365815226942),
(0.043342584191803341, 0.32456544501935636),
(0.33180254696730777, 0.69344732826744016),
(0.7655423919920018, 0.18677068394583032),
(0.66480616184744223, 0.68574995700021291),
(0.19012668715669043, 0.24794424364774073),
(0.40279197667810018, 0.98176912635575975),
(0.91124302497482135, 0.30756129269395094),
(0.85774576047552309, 0.7961068388462651),
(0.27965745646084256, 0.39485603782033102),
(0.07631493366370426, 0.54308523102306816),
(0.5257655788802218, 0.076207986551188822),
(0.84450787082529499, 0.58323216787977727),
(0.26809275303950431, 0.018774509009408087),
(0.069932808066319269, 0.85666257357909714),
(0.5166826931173425, 0.47359914364150302),
(0.66040600350528467, 0.90100224473801271),
(0.19657284847227924, 0.34077770211857233),
(0.39431217500366134, 0.70661356058707325),
(0.92183433612887544, 0.17036783439649222),
(0.61250636326984242, 0.66996208048650063),
(0.032148079483329879, 0.22023222986611427),
(0.34165870948190974, 0.99221004169321214),
(0.75163531988144949, 0.2906778612133889),
(0.9615234502665333, 0.80135153394958203),
(0.43761393589515413, 0.38878194950712908),
(0.1724686408975431, 0.55744127123308085),
(0.6918698921192552, 0.08887920885473459),
(0.88976158540501338, 0.73555134850187365),
(0.42817781443010572, 0.15123605768472886),
(0.24546450422077648, 0.93524238313105779),
(0.65230953102356937, 0.35706182112373225),
(0.55356344972843241, 0.81875043326160879),
(0.11567675082675209, 0.43789626787576219),
(0.2944799071708164, 0.59996822601191724),
(0.8237538299912901, 0.04935259763092685),
(0.72364250560642263, 0.5018167991074034),
(0.14022675661938735, 0.099709592235391248),
(0.49400710966365968, 0.76149747678298352),
(0.97947767408847763, 0.42512195054462565),
(0.80259806665793609, 0.93880326271665371),
(0.35151196278708363, 0.27026399820054908),
(0.0044034667063890054, 0.64365692635437177),
(0.57618532299540826, 0.20437093319573224),
(0.77575078314548473, 0.63207157381699342),
(0.32241140325808593, 0.18800272381930724),
(0.056579637742863328, 0.95842049434044174),
(0.60687421866602431, 0.26173242247871126),
(0.70608804744183185, 0.77824810791244892),
(0.16548731931510749, 0.41855669436077558),
(0.4540775506924315, 0.5303352755723767),
(0.94740582094069048, 0.11647518625675593),
(0.51126031709861586, 0.61907600251595651),
(0.090196082096310526, 0.046252377997609818),
(0.25747285162351891, 0.83230217092564274),
(0.86455827392460483, 0.45991401472818466),
(0.92682022890165106, 0.90715434659844685),
(0.38861007103299799, 0.36836434830932863),
(0.21355818226920537, 0.73243421141253295),
(0.6790012490689048, 0.13899371501730273),
(0.9954314439728642, 0.53909885415378811),
(0.48110578206582089, 0.070349937046219432),
(0.1552086532407711, 0.79035361583800767),
(0.74738813414199579, 0.39070795136237213),
(0.58201889720258781, 0.97849958819705285),
(0.022379026171229735, 0.30874582272666662),
(0.37179740915613391, 0.68124419000501402),
(0.78233647194731015, 0.24353498307324531),
(0.63542443527320269, 0.68826004859566714),
(0.22842543916187441, 0.18007942565780533),
(0.41061748082467397, 0.8828573766261355),
(0.90191450253739747, 0.32179423892582482),
(0.82886892591802452, 0.86064069945745414),
(0.30242528461543017, 0.49040657780650154),
(0.10716404202520211, 0.57595864363702609),
(0.54283501984300786, 0.012567971765531127),
(0.79616787527182276, 0.51936046435904504),
(0.36395301049811962, 0.12477539145508137),
(0.023972718282860635, 0.7690538813670158),
(0.58892362551388067, 0.41126922543661859),
(0.74183491862827478, 0.96483900887554586),
(0.14261262158957799, 0.25762517908959387),
(0.47384788462443828, 0.6387032043712555),
(0.99210137759810957, 0.19881699842207562),
(0.53630393842921387, 0.71900769162139),
(0.094464704252019485, 0.12567145858740869),
(0.30660324457621224, 0.91581710130271754),
(0.83668403431265737, 0.3649480466898396),
(0.89407373486073838, 0.83664261619228353),
(0.42129683193586953, 0.46432240169877859),
(0.22580182706654078, 0.61448911170090825),
(0.63091132743971279, 0.033379098562519964),
(0.94248401157642236, 0.67642474019364185),
(0.46743871876911525, 0.24166433627212777),
(0.16372435156544449, 0.96963174321640344),
(0.71600122716677117, 0.2998273155624559),
(0.59640387547184626, 0.78476636937600674),
(0.054686520005994735, 0.40187609600461727),
(0.31440387149313853, 0.53208107549795647),
(0.77049141189609871, 0.066759356313036478),
(0.68153592118217399, 0.56403833748558674),
(0.20614984609412831, 0.0019011100519199303),
(0.37940863394121871, 0.86883306563047846),
(0.93667392590114151, 0.49639036815059379),
(0.86967252909916049, 0.87776160898438849),
(0.26317738267468921, 0.31381091769534319),
(0.080703250021675429, 0.70193780334656752),
(0.50169007060818305, 0.17651858781021562),
(0.81349833005392014, 0.71258278138854114),
(0.28241855540992955, 0.16036811004121238),
(0.12109798920898604, 0.89618633739652598),
(0.56085766526065783, 0.32892161794681668),
(0.64546453517065916, 0.84892055673136035),
(0.23745951560584749, 0.48387651132591397),
(0.43146705317421796, 0.59039617168016867),
(0.8790225059106741, 0.030215545088755534),
(0.5629782326124706, 0.55080829309320334),
(0.011653664619004026, 0.080122190896396259),
(0.35304654619094195, 0.80610348918961205),
(0.8117001089094652, 0.3821967767255588),
(0.96901926829225682, 0.98453777018181954),
(0.48630140706318098, 0.28269397334193075),
(0.1271483189140262, 0.65976477199753236),
(0.73232011594847246, 0.2271027887191881),
(0.91015564844347052, 0.60540046130432779),
(0.40098932376656637, 0.055030572948492451),
(0.19411894152994194, 0.8224796448900793),
(0.66842616948126021, 0.45241906390655107),
(0.52802915519775195, 0.9231854571803173),
(0.071019953171206587, 0.34687637517275205),
(0.27648772460516785, 0.74455708958518796),
(0.85215072065822939, 0.14583104717354098),
(0.70293895772235759, 0.65587293546298053),
(0.18339757697389597, 0.21171866667230663),
(0.45106253117885775, 0.94834593089053743),
(0.95578328756820541, 0.27744350781678817),
(0.7606208855044001, 0.75388055813257315),
(0.33254910748115629, 0.43476222529845088),
(0.040337379317754947, 0.51418016838428837),
(0.6226726329900536, 0.10388137453271708),
(0.80025164865207143, 0.56810857670214066),
(0.34703715614609637, 0.0041926399235691905),
(0.0013964819381598647, 0.87382644597164749),
(0.57272415924069064, 0.49344957783464671),
(0.71927487727905659, 0.88128334676880138),
(0.13410457246407551, 0.31859556925427784),
(0.49990886984177368, 0.69584768026451338),
(0.98295246950864645, 0.17351581562451601),
(0.54834540318220837, 0.67279656161471724),
(0.1124254491076412, 0.23804311287844879),
(0.2906321017108961, 0.97413641221904324),
(0.82517443662192891, 0.30107620273052804),
(0.8832629579570902, 0.78859637553476147),
(0.42305795894077236, 0.40275034017027173),
(0.24728459932611682, 0.53850684797541981),
(0.65547378258443423, 0.064851784326390147),
(0.96764430216956876, 0.7263573899228889),
(0.4448524796519307, 0.13177667784671077),
(0.17791329368273689, 0.91820006967933998),
(0.68968207922647973, 0.36154221306902962),
(0.61641936790360607, 0.8435279988153328),
(0.036630825474554277, 0.46674173068841873),
(0.33697193840651496, 0.61166267635847482),
(0.75569591572428774, 0.035611395282203924),
(0.65980315983410143, 0.5199603719696857),
(0.20093551641084653, 0.11953806211464604),
(0.39505381937905881, 0.7725836794391383),
(0.91468800332420608, 0.4081431868145029),
(0.85115779896407562, 0.96769282917496791),
(0.27012537991130886, 0.25167885306654403),
(0.064781646766526674, 0.63327882082449971),
(0.52209973174252233, 0.20170885764395202),
(0.83441861847117027, 0.64921385738354243),
(0.30076600788285268, 0.21566605411875286),
(0.10194723870239279, 0.95084656837788184),
(0.54393425335512458, 0.27530663391879895),
(0.63839065514084115, 0.75420634778631956),
(0.23128811126997006, 0.43261505117817106),
(0.40790009750016093, 0.50969444096124572),
(0.90353197239748706, 0.10589628073153988),
(0.5828593084321837, 0.6072911946222348),
(0.017544843370372099, 0.060070316892929236),
(0.36808497085931191, 0.82507182731491713),
(0.78813390404424666, 0.4455233942091556),
(0.99766210398984556, 0.92890894978716698),
(0.4799688913570323, 0.35114860104721973),
(0.15017776406636774, 0.74790095797793166),
(0.74243995792899609, 0.14095635528135464),
(0.92548045886638242, 0.54715936213079919),
(0.38464743894639336, 0.083770667708760946),
(0.2166577471435947, 0.81153718305450062),
(0.67316755438791143, 0.37734397667742214),
(0.51431337753452611, 0.99175780732879137),
(0.086629697661884178, 0.28703403590672349),
(0.2523993201529901, 0.66203052269886198),
(0.86000194304308653, 0.23100273471963068),
(0.70956887170213889, 0.71581329554481621),
(0.16817888550876239, 0.15971960540946373),
(0.45980439787424704, 0.89283449182760199),
(0.95095637205924677, 0.33237442520680788),
(0.78013141613732362, 0.84478887669596681),
(0.32580860211938478, 0.47717515257038778),
(0.062363091218154428, 0.58896905126351862),
(0.60386583391336557, 0.024394258263606541),
(0.87480033927780709, 0.50721721670954611),
(0.26152327366982803, 0.096531891994981953),
(0.085778014084651133, 0.76319418885428236),
(0.50671017232250648, 0.4288056932449234),
(0.68635337080621917, 0.94470152546020303),
(0.20728363539062614, 0.26804024915383301),
(0.37520579930559922, 0.64757512083214874),
(0.93258685961926102, 0.21009372118450292),
(0.60138526155609207, 0.74101459935208802),
(0.049811949195881243, 0.15281607248239623),
(0.31895697704653225, 0.93309402881829984),
(0.76881828810045127, 0.35344773047268424),
(0.93893017419438196, 0.8140938539222885),
(0.46194010598513258, 0.4452342879595364),
(0.16006708628121261, 0.59654407809803334),
(0.71282557404936653, 0.053815376444062007),
(0.89656668408385198, 0.6664371750095418),
(0.41756836553813076, 0.22453881054982508),
(0.21980309887303109, 0.99988934941344654),
(0.62818862046930313, 0.29522949603349763),
(0.5324668005214549, 0.79705608830555186),
(0.098035536952866958, 0.38487260794099032),
(0.31132303467880013, 0.55911318339451632),
(0.84335747264618988, 0.090271330637935202),
(0.73606842098277725, 0.58080643156492939),
(0.14499016472781118, 0.020451724667879034),
(0.47235644847659947, 0.85533811924037395),
(0.98724753721347469, 0.47081060298947242),
(0.79117158583171798, 0.90328788537226512),
(0.3598009927268393, 0.33879045317392048),
(0.030501070988760377, 0.70768662883672395),
(0.59195141678327101, 0.16553573572625324),
(0.76329480227220259, 0.69257289535965871),
(0.32822030467964242, 0.18476158378200797),
(0.045096821495373154, 0.88728106398851658),
(0.61753785468209532, 0.32808713721568922),
(0.69629608530725629, 0.86627676686124178),
(0.18612563353831227, 0.487576142782156),
(0.44697991010221577, 0.57273673216933241),
(0.95928376569745832, 0.009237002426585178),
(0.52359866370251373, 0.54503421715684086),
(0.074896751888630042, 0.075183881451845833),
(0.27864873516484367, 0.79454196096821372),
(0.85689389269007576, 0.39748727094827258),
(0.91276430949983056, 0.98374703666004348),
(0.40614109781739016, 0.30606445088862488),
(0.18887938359413259, 0.68444981989841835),
(0.66725993719895038, 0.24993680959078365),
(0.97525246823117706, 0.62429825897895275),
(0.48850799120907767, 0.039805874734714933),
(0.1303130909593736, 0.8299423273129708),
(0.7293389131924749, 0.45576069471604791),
(0.56871297680882282, 0.91293417693261802),
(0.013148474389926605, 0.37148501237169002),
(0.3561255505443342, 0.72938106896030952),
(0.80612664135306344, 0.13442035387485529),
(0.64344062857989504, 0.62659536588962117),
(0.24056178530637007, 0.19282980199916186),
(0.43391204331197564, 0.95492833560537005),
(0.87675281234604618, 0.25847742531050544),
(0.81776412031636447, 0.77630479541754926),
(0.28656178162003415, 0.41762808856994216),
(0.11916457524799785, 0.52442285626005603),
(0.55815063515218011, 0.10960479236679178),
(0.82194913872530129, 0.59769736079502978),
(0.29501389257906097, 0.047646629405773459),
(0.11455841925538809, 0.81653539360563965),
(0.55131397439781515, 0.43957174782760633),
(0.64926314434303933, 0.93591350303128873),
(0.24263594641259267, 0.35857526994134148),
(0.42623551065920318, 0.73673817353379434),
(0.88748129625949213, 0.14933301448041555),
(0.57510095418849383, 0.64214703514018423),
(0.0074955146937067431, 0.20601854636265649),
(0.34953883452245327, 0.94008687724068163),
(0.80377614853577706, 0.27241324116460031),
(0.97727069882232365, 0.75903163921039474),
(0.49580165574154683, 0.422367267870838),
(0.13823093888397744, 0.50358575650947845),
(0.7259926860870104, 0.097942849837621845),
(0.91984249690827946, 0.70499359989990229),
(0.39102182879231756, 0.16831289556910414),
(0.19760368648105084, 0.90018300475857638),
(0.66225353513742891, 0.34358055532648774),
(0.51943798940703478, 0.85757113622206849),
(0.067540664662934194, 0.47637735426686728),
(0.26753719353757988, 0.58403058679408459),
(0.84605297370487398, 0.01580227222721579),
(0.69361493860651613, 0.55546322065173215),
(0.17438426830978007, 0.087335169826815398),
(0.43950365097599831, 0.80282992920623186),
(0.9646251890252413, 0.38736430233073477),
(0.75312398159791405, 0.99465965538998891),
(0.34316022401854157, 0.29235029954015734),
(0.033626508355686202, 0.66986917204418261),
(0.60946842945400492, 0.22154439893615493),
(0.78511939890708071, 0.6831082731393846),
(0.3741198152703496, 0.24578886038820247),
(0.021165474817191623, 0.97987720314936755),
(0.5795398474538298, 0.31245678673854826),
(0.74927862555819613, 0.79257474344649936),
(0.15362542078177119, 0.39358403215301729),
(0.48320745938058307, 0.54177234040052824),
(0.99253690809418116, 0.073375126753644992),
(0.54053163307577512, 0.57705903171396866),
(0.10748834717144404, 0.014210220036506599),
(0.30367687999253501, 0.86273745313039429),
(0.83089020386526213, 0.48858055184394672),
(0.90027677723588051, 0.88510350840908969),
(0.4125398744814861, 0.32269267355980014),
(0.22885437290028324, 0.68963654434470134),
(0.63337209360519109, 0.18303901494859851),
(0.94674029932395831, 0.52881819263685981),
(0.45591769098959395, 0.11505301233453746),
(0.16649830382235536, 0.77969562430480044),
(0.7039192531231524, 0.42036650955626487),
(0.60790589996215971, 0.95983305341581027),
(0.057885190011030326, 0.26541995840071253),
(0.32044950530834104, 0.62912448876866223),
(0.77404053045378041, 0.1897753969356728),
(0.6758368776017305, 0.731969317870934),
(0.21172647619229856, 0.13770256540861586),
(0.38995762790325028, 0.90831604130078614),
(0.92961243626961865, 0.36929280634101302),
(0.86649986587091909, 0.83543898790620241),
(0.2554356436634983, 0.45868486244651502),
(0.092681745341476593, 0.6202253107048471),
(0.50962396873646243, 0.043345697241772146),
(0.77289174199458899, 0.53450873455682379),
(0.31608433773952743, 0.069334148624435765),
(0.051891836697382697, 0.78250202928725854),
(0.59410065934248668, 0.39937570984731741),
(0.71809759337561951, 0.97155095984708195),
(0.16181676252402061, 0.29775971382474486),
(0.4661154708590266, 0.67921792490213628),
(0.94453278099105731, 0.23957232823637253),
(0.50219465530647156, 0.69963210416952726),
(0.078231628651842564, 0.17857810967886023),
(0.26377152656031777, 0.87518917957873543),
(0.8672682520624303, 0.31505683705371251),
(0.93413724118740926, 0.87029887899501401),
(0.38262679915921588, 0.49928962790247383),
(0.20470649554676967, 0.5644552984847655),
(0.68294151275772419, 0.0032516382847897988),
(0.98985429047710982, 0.63828487102856246),
(0.47605139847771122, 0.19562454928388631),
(0.14105480163167228, 0.96158323390464095),
(0.73962930997461962, 0.25541040442568214),
(0.58659825491529793, 0.7657675624014153),
(0.027151126390160381, 0.41234234319753688),
(0.36612969986496685, 0.5156329005637782),
(0.79423434879986998, 0.12199310393896795),
(0.62969079844707532, 0.61648863753926408),
(0.22404388936566516, 0.033075135954306216),
(0.41960913126509897, 0.83917611505870127),
(0.89187010635427488, 0.46261071673616982),
(0.83816213706806109, 0.91704051004708431),
(0.30717678441699608, 0.36584681943684172),
(0.097029450121472585, 0.72122939833828725),
(0.53735053396300103, 0.12746145629007924),
(0.85506016307259725, 0.74367591739328376),
(0.2736702232101425, 0.14758826976806341),
(0.072841755437889691, 0.92398059366048713),
(0.53092572791901427, 0.34385725379689192),
(0.67161827529934104, 0.82045814463959854),
(0.19280298570265714, 0.44999609962157822),
(0.39929387744348793, 0.60218212791395731),
(0.90795934352690943, 0.058263206815502476),
(0.62398080033714309, 0.5126558982385111),
(0.042880219966533004, 0.10308459768844913),
(0.33549673528961244, 0.7505153399166713),
(0.75976281461179984, 0.43663156624702665),
(0.95335003334649226, 0.94564867086863846),
(0.4525196121296719, 0.27955388613986731),
(0.18125011824628628, 0.653350209467365),
(0.69935118215565284, 0.2129244833336657),
(0.88227494627494696, 0.59181642466911677),
(0.43167912310009765, 0.027945960288059419),
(0.23619716741845315, 0.84966370666185997),
(0.64735639403232792, 0.48164773424509022),
(0.56026982132017977, 0.89767181584820988),
(0.12484788404221973, 0.3316256276853678),
(0.28465652636135325, 0.71468711356764636),
(0.81499486910736252, 0.16266666132618585),
(0.73261014164325944, 0.65705946573897767),
(0.12513000799242774, 0.22931647350554646),
(0.486404505323981, 0.98778474171532471),
(0.9711970227617045, 0.28430826477978588),
(0.80886674521619639, 0.80705724359807907),
(0.35470912985542552, 0.37935067345245588),
(0.0093379250714655856, 0.55302615258397159),
(0.56455974399688769, 0.079628961470100082),
