(0.085032448717433665, 0.89161127730485767),
(0.59484488594982199, 0.19900419407314446),
(0.39009748203800154, 0.45239166335684283),
(0.87792813820011728, 0.74877113707675635),
(0.37082642041259878, 0.55325635343028723),
(0.83162484086383459, 0.37019163869697369),
(0.23224841738589386, 0.036753268650203064),
(0.67683057235353239, 0.81436161314709121),
(0.15901705010845579, 0.63085186949406247),
(0.71451622033707107, 0.42780796491684753),
(0.29830290400533921, 0.13699118465462756),
(0.79877292262344679, 0.94883394880006833),
(0.47369634371061636, 0.76963321513518379),
(0.96324903783571247, 0.12451909153295856),
(0.010245150447150891, 0.27092801032611802),
(0.50476363757067066, 0.57340774191770016),
(0.18866562231438549, 0.85835671198494667),
(0.64606602140596425, 0.0020844766291966957),
(0.32468070300255591, 0.31766870800524571),
(0.87471263387036968, 0.52720747333449025),
(0.42727039400731964, 0.70586580899237683),
(0.91421919923830042, 0.48728267014645144),
(0.10224125118751679, 0.22720253643258057),
(0.56549781964841861, 0.92601738433460112),
(0.035977274680446633, 0.62340195241248264),
(0.53258138294951418, 0.30422153347201164),
(0.45204678226459566, 0.069454360643464816),
(0.98660888201774144, 0.80014279415371348),
(0.27181255569399421, 0.98952142678278909),
(0.7554266315621303, 0.17973420466105505),
(0.15077865299889837, 0.39853424714339303),
(0.72872029041654163, 0.67289222593380749),
(0.13738481452434348, 0.96738329679485102),
(0.74678720533391163, 0.1407720062604558),
(0.2579695758335076, 0.41086865090148406),
(0.77437373342924753, 0.64850269554048623),
(0.45796900360824278, 0.59347779452770655),
(0.98381961420085684, 0.25700880633026346),
(0.051617404032882903, 0.094628256360227994),
(0.55940498576703146, 0.7653720705159065),
(0.11017285274804403, 0.7224969288823283),
(0.57976092953148806, 0.46148120079319549),
(0.41439698369665412, 0.20828092957886959),
(0.9268380948420627, 0.89027903760625482),
(0.33961072707223727, 0.84302526174192649),
(0.84452294067256395, 0.05582090625120855),
(0.20407570948084672, 0.35643169525204493),
(0.64029978768723605, 0.53477852143812155),
(0.021974523388993715, 0.79092259823737598),
(0.52741494241849018, 0.092437315666901346),
(0.48494519127954494, 0.29422775034020138),
(0.9516194191131393, 0.59649987822263717),
(0.29010598185743841, 0.66137784115439557),
(0.78741514429897108, 0.38225862485837314),
(0.17473856793917147, 0.16027343284849077),
(0.69703983080390919, 0.97182037176544001),
(0.2365826968941632, 0.51045850138815774),
(0.66877864760690264, 0.33056087248124888),
(0.35111606241255433, 0.019620753976139389),
(0.82803090195554641, 0.8702931467538022),
(0.4038648589456415, 0.9073340827935138),
(0.89362165771663604, 0.23450229105745418),
(0.069369578742227003, 0.47483770568412076),
(0.61149464088003402, 0.69139423709419723),
(0.058292123425638401, 0.98201866510586222),
(0.54849106785097523, 0.16548641999740923),
(0.46401869348390828, 0.38392548694543849),
(0.97434102739218498, 0.66775874666622292),
(0.25282593716721158, 0.60156492188101651),
(0.77321959923177297, 0.28314529003962641),
(0.13011156019170589, 0.085470316399063509),
(0.73903325759824212, 0.78831138851356819),
(0.21352758999193436, 0.69768783834284864),
(0.63027654543775613, 0.48007644181790071),
(0.3313205653443882, 0.24701800902271445),
(0.85737894892262245, 0.91443238077087829),
(0.41153153542010834, 0.8595171713313754),
(0.93386464706964634, 0.03076698284408784),
(0.12014097237386079, 0.33978367616352967),
(0.59121680335619753, 0.50612647022621482),
(0.18666938795408144, 0.75568061466533087),
(0.69001183115829434, 0.1026971642135741),
(0.28310299056906124, 0.25946814867156515),
(0.79074611954699359, 0.58264200544259892),
(0.49806887458789045, 0.64679870967578268),
(0.93854248618915437, 0.41703480417330074),
(0.026355855951577675, 0.15081657949565827),
(0.52066249229348438, 0.9595521696237066),
(0.076428028052910685, 0.54315922610835898),
(0.61882156334399319, 0.34870333413577331),
(0.39562162098949671, 0.052648017150350085),
(0.90375276875068267, 0.83124535964156554),
(0.35161785623401681, 0.87705352999384412),
(0.81924922573252457, 0.21597032016379106),
(0.24706545664039117, 0.45801589434495049),
(0.66085598845707616, 0.73411332325449119),
(0.22355830878009125, 0.93334593751561012),
(0.68453919218004022, 0.2199905787507663),
(0.36048824865587104, 0.49894539405848681),
(0.83669360229437184, 0.71448605753768279),
(0.37754490446634503, 0.5196434317629588),
(0.88385664202325065, 0.32085740227400417),
(0.086168226094160555, 0.015496472109777278),
(0.60905233606457354, 0.84376575128540654),
(0.0029643752098533608, 0.68285733341239763),
(0.50938258111569157, 0.39340760195683727),
(0.48230195099058121, 0.17675950694147971),
(0.95591240740962535, 0.99310244335631048),
(0.30984719516880588, 0.81134898971450442),
(0.80604038565293346, 0.071717307969876826),
(0.16901297756753586, 0.30843937833348467),
(0.7064945035182908, 0.61526561145226499),
(0.093976051922466164, 0.82095347811216346),
(0.57506265204799933, 0.044150310557633701),
(0.4363599962696833, 0.36153664158637544),
(0.91133541495004755, 0.55524492956223193),
(0.31361208838086191, 0.73535840085787241),
(0.86676358092888617, 0.44481662294350599),
(0.20248804531353856, 0.18839174396519959),
(0.65415822623352959, 0.90420907401516171),
(0.14451744895541768, 0.56787771984674451),
(0.72445514794058397, 0.28052637161870325),
(0.28034026212369317, 0.11566482351781333),
(0.76458569791644926, 0.77672135478248439),
(0.44125467052390499, 0.94352633608097836),
(0.99388185632154702, 0.12512030290210485),
(0.046078678471932075, 0.43432191522138652),
(0.53973055263769032, 0.63410686085269907),
(0.015575692323630336, 0.92158266297799274),
(0.50327760673309896, 0.24543581167250869),
(0.46946833407123717, 0.48303566305373985),
(0.96571171053393146, 0.70073968310952006),
(0.30351898902362157, 0.50021350456769109),
(0.80414251054767594, 0.34248350183172438),
(0.1627767110526249, 0.023478896186213596),
(0.71502326339512401, 0.8658725310699833),
(0.23023757117756058, 0.66916654616188609),
(0.67559316678220283, 0.38714319468272562),
(0.37473978176219919, 0.16943149033274371),
(0.83261250355268179, 0.9775129990962439),
(0.38434939862865869, 0.78186109030384088),
(0.88040739088545028, 0.081934766800464701),
(0.081351723719077021, 0.2864027982149791),
(0.59837827539819899, 0.6073129595593556),
(0.15563864783376255, 0.83337628608020176),
(0.73306739038425273, 0.048571900872493891),
(0.26716140735885119, 0.3467290599355487),
(0.75310078954308002, 0.54273869146619202),
(0.44733037716671487, 0.73032512585740428),
(0.98903819937107984, 0.45441227564072884),
(0.033361998567544009, 0.21445234845225061),
(0.53594359968830219, 0.88077733533197555),
(0.10860634057519096, 0.58134210889335669),
(0.56753608983599901, 0.26541721172497873),
(0.42241429650595502, 0.10827017844480732),
(0.92096469172399986, 0.75085869083962831),
(0.32094251823853143, 0.95356135673972986),
(0.87065951727527502, 0.15488946850441854),
(0.1950016567338782, 0.42159859239227693),
(0.64252172735413904, 0.64284751569304899),
(0.20760324274989206, 0.99898006806471551),
(0.63629619455441799, 0.17337465948929329),
(0.33999423105148385, 0.39551688860238859),
(0.8509015719802272, 0.68658378451654212),
(0.41980670896904815, 0.61298255674263979),
(0.92345518222235867, 0.31207818445671343),
(0.1156565964077943, 0.075389229237131025),
(0.58364203273572779, 0.80747196575698321),
(0.04924919977366865, 0.71671761153782187),
(0.55587203788421546, 0.49281658946183987),
(0.45491461801395655, 0.22374668162327177),
(0.97993953004079704, 0.93531018574523617),
(0.26456240762690475, 0.85088974463688294),
(0.7774462910321045, 0.0086143840299858568),
(0.13505333818344259, 0.32485655386555035),
(0.74377071929555816, 0.51654568436043979),
(0.064395492904101626, 0.77983391635024146),
(0.61609253163326005, 0.1114609634280572),
(0.39879381398571578, 0.2759091105169707),
(0.89709074951848555, 0.56281783369351734),
(0.34435049745643104, 0.63913028885291634),
(0.82240421020717491, 0.4306000259030347),
(0.23996358681740651, 0.1300531515423351),
(0.66770458482743988, 0.93995959015023056),
(0.17784229603627963, 0.56133687828792123),
(0.70114972856910085, 0.36687490573361753),
(0.29585135859384715, 0.042824961496816534),
(0.78449898176552757, 0.82467878356896984),
(0.49043855061956915, 0.90100727117149404),
(0.94884166499366174, 0.19439787170586076),
(0.019451442508495179, 0.43945600895456716),
(0.52515492090063598, 0.74170808679731703),
(0.12123977431981174, 0.94944618255357249),
(0.58811829041694397, 0.13359312723923147),
(0.40838477953474889, 0.42444089189773354),
(0.93045196496328997, 0.62617565109282247),
(0.33405708885766183, 0.57702205675648244),
(0.85304440814847904, 0.26802921646545136),
(0.21595952919120123, 0.12010725808904302),
(0.62699979461935518, 0.76787793395008985),
(0.12879270049833175, 0.74595107332925736),
(0.73721025000548679, 0.44542313669318356),
(0.25691265991684942, 0.20200399676607739),
(0.76750112963473316, 0.89556280747559414),
(0.46586887538227251, 0.81888528259174398),
(0.97241554932627805, 0.033360670094501853),
(0.061097748222211548, 0.37260901348349462),
(0.55160078656281297, 0.55058214213244261),
(0.24575695231101558, 0.80215059813374945),
(0.65732633560237597, 0.06265286353984631),
(0.35800308509586071, 0.29957253537961664),
(0.81626023361129085, 0.61985646692116836),
(0.39401127227240346, 0.67909204917693355),
(0.9014455817729512, 0.40256804821021858),
(0.070720251651339078, 0.18519391198526092),
(0.62323482520496243, 0.98769914968356409),
(0.027524117572938614, 0.53111769060852054),
(0.51870628412431086, 0.31459725752876744),
(0.49340957402860214, 0.0053799180466426906),
(0.94484152988921599, 0.8553499693643688),
(0.28802630964064974, 0.92187926600746928),
(0.79475302970537132, 0.23413479475474053),
(0.18126305668101877, 0.48963478187477327),
(0.69235394884269685, 0.71001738226659628),
(0.16686675452036978, 0.88483048949503551),
(0.71082837569156088, 0.20650379793230939),
(0.30563289901976626, 0.46778385677163259),
(0.80868836129057542, 0.72640939358474299),
(0.47909584249519599, 0.53745505193117926),
(0.95812369692561172, 0.35328412886457755),
(0.0072795359638663827, 0.061595417709213236),
(0.51277834569242076, 0.83616840264574532),
(0.090689885649742855, 0.65510918343976721),
(0.60270814759330715, 0.40801967759963037),
(0.37941415150240854, 0.1478452461779427),
(0.88770199239807013, 0.9620690218068837),
(0.36389317600688398, 0.75786119905355864),
(0.84268574047609512, 0.099130042743671709),
(0.21917546009613748, 0.25233386523680629),
(0.68178774715584145, 0.58855518542420038),
(0.040882286293080619, 0.87245805951803412),
(0.54541454066300132, 0.018660675712652133),
(0.44247509050098133, 0.33544225040133896),
(0.99914168611862808, 0.51382153742737369),
(0.2771535053722573, 0.69324620307455487),
(0.76022117951693002, 0.47219714275838376),
(0.14639669808747255, 0.23851493362992746),
(0.71946056870016095, 0.91093693023533762),
(0.19908948967366635, 0.60059150748053869),
(0.65159064526541399, 0.29013811133727785),
(0.31935113301959339, 0.088586749951688318),
(0.85978051084745932, 0.79437774941611028),
(0.42997633816900538, 0.97644343140604339),
(0.90821409652313423, 0.15896348491418127),
(0.09858619964330409, 0.37665858893812876),
(0.57100655572351111, 0.65897704060462958),
(0.10385631964656111, 0.92790109631946915),
(0.56419602456591089, 0.22885071548004784),
(0.4280150466028913, 0.48553818740394505),
(0.91761739874666859, 0.70381050808022594),
(0.32739576882196658, 0.52504197277164644),
(0.87206520086705619, 0.31868866226114229),
(0.18961964709107954, 0.00033251933554556505),
(0.64678687084364594, 0.8571102074936704),
(0.14895719936953086, 0.67469443528091522),
(0.72792113871040331, 0.40197846430241474),
(0.26980460835087294, 0.18212270882165968),
(0.75602165870691196, 0.99208452446573225),
(0.44958433899624611, 0.79781480643432923),
(0.98492549249080785, 0.067699256551904397),
(0.038847687521516759, 0.30145537972080383),
(0.53389084686992017, 0.62110482805190881),
(0.23289076650987359, 0.81622073837511144),
(0.67814877254436445, 0.037261454787665828),
(0.36720643049432838, 0.36879135714253136),
(0.82951722111407178, 0.55200787699564502),
(0.38788325841321641, 0.74702412764553572),
(0.87602448694824653, 0.44996302583759007),
(0.082177808227009166, 0.19591854162788042),
(0.5975113772428996, 0.89319192324922758),
(0.0092640295737127214, 0.57154833016234885),
(0.50588623891259299, 0.2718385826204191),
(0.47507628807546243, 0.12281843608926188),
(0.96170590935069034, 0.77310668701803276),
(0.30075151831625474, 0.9453256372182316),
(0.79948723504581543, 0.13941796122390343),
(0.15752224285246372, 0.42600268372042893),
(0.71131626154880667, 0.63150252824712549),
(0.17336320835501912, 0.97023641239158909),
(0.69849467018281952, 0.16405824656753115),
(0.29263695917646848, 0.3797502211052563),
(0.78522224613389346, 0.66322065456844581),
(0.4864481357172934, 0.59566921697478425),
(0.95008268770275772, 0.29573487555247863),
(0.019706866160310595, 0.09102611593381936),
(0.53031396196995262, 0.79200792728449265),
(0.06654269446393718, 0.6884166560477113),
(0.60977049289006746, 0.47287813009801166),
(0.40598607068335818, 0.23724462732388099),
(0.89244708140267304, 0.90836707043986997),
(0.34826161005411521, 0.86854193255359002),
(0.82561491357127514, 0.02230052018209985),
(0.2354387621816523, 0.32915252096851932),
(0.6709559862438117, 0.50937243046919345),
(0.05274945180127371, 0.76177404892830602),
(0.56101917827362102, 0.097501262378227302),
(0.45979291196212879, 0.25466207526875628),
(0.98150015526615808, 0.59130717361260754),
(0.26148587342769419, 0.65227659713259023),
(0.7765446119306173, 0.41263417286066961),
(0.13984098024816025, 0.14408831173631617),
(0.74847727699155386, 0.9657478056607981),
(0.20610006310067358, 0.53313033983056102),
(0.63705150312350567, 0.35742388194004254),
(0.33631646928642028, 0.057794928371835287),
(0.84705812392140534, 0.84140981635670498),
(0.41743206422451479, 0.88804077352442423),
(0.92869853424005744, 0.21006129078074015),
(0.11191008623727827, 0.46451281490107138),
(0.58156809244296426, 0.71924250904674425),
(0.025159162122692525, 0.95740961463237895),
(0.5233945975707176, 0.14866814284406543),
(0.49704875267549015, 0.41444638471789164),
(0.940927344814668, 0.64613270982191984),
(0.28361465619955534, 0.58498397112718081),
(0.79246306138452616, 0.26041031783615054),
(0.18444682700582882, 0.10479695778658309),
(0.68926943216468672, 0.75664710880381225),
(0.24897955957349102, 0.73207342789165619),
(0.66217910756430465, 0.45906862583024971),
(0.35390406020509196, 0.21835557509227863),
(0.81641620346262822, 0.87637058394411804),
(0.39736821428191188, 0.83007616831297737),
(0.90449976611384841, 0.053919704912566292),
(0.074678131380647064, 0.35030399709213106),
(0.62025052239146072, 0.54599186161243274),
(0.13182156681836119, 0.78535604753554866),
(0.74044640825392316, 0.082709135553198795),
(0.2516084227767536, 0.28493452958677423),
(0.77091287144198739, 0.60386860020734523),
(0.46259527873680079, 0.66452893717457118),
(0.97634518145574167, 0.3862660047685153),
(0.056543569784857486, 0.1670187170633031),
(0.54965791308315715, 0.98293742999206613),
(0.11786051925674015, 0.50479052298979654),
(0.59212485133495962, 0.33613036195133761),
(0.41288927807848624, 0.027932134269316226),
(0.93732005844284416, 0.86139104152594281),
(0.32845520721485122, 0.91664557714887862),
(0.85758867244501924, 0.24837771550091592),
(0.2127481812617544, 0.47727987400073552),
(0.63143681948196151, 0.69639807345675653),
(0.20028978521966156, 0.90461929080147452),
(0.65561302338280647, 0.1895881381127939),
(0.31544196819125153, 0.44329214423664359),
(0.86487630764899381, 0.73718290788322471),
(0.43405994977658735, 0.55771248549454822),
(0.91329966736701429, 0.3608333712939148),
(0.096812659842199542, 0.045542438328551656),
(0.57649237405020992, 0.82351098156625979),
(0.043396100161877532, 0.63517394852103404),
(0.54153819927992086, 0.43703163297397091),
(0.43802270355896356, 0.12814970143491713),
(0.99504100158993591, 0.94311635469360711),
(0.27922914695386136, 0.77482321050823622),
(0.76177987040914941, 0.11474969263152111),
(0.14238357824251238, 0.27744105367394217),
(0.72637885005737923, 0.56956768313227668),
(0.089369087206750714, 0.84722836753497965),
(0.60646347334296435, 0.013347388667178571),
(0.376461500175444, 0.32377146119429778),
(0.88648593070331994, 0.52321113777970552),
(0.36291213891775975, 0.71285561965257815),
(0.83823599209263666, 0.49701142708054408),
(0.22612519815967394, 0.22250559491752864),
(0.68676023804331587, 0.93049245715773488),
(0.17093936162051107, 0.61435916767735155),
(0.70466570951707197, 0.30495811240646681),
(0.31141882381872293, 0.072458136828750824),
(0.80853038731021776, 0.80870622017311866),
(0.48276279024960017, 0.99439660803627516),
(0.95437827261306718, 0.17846517898039579),
(0.00013339943759614831, 0.3911293606137865),
(0.5101546300907519, 0.68123155851639738),
(0.031376692283768569, 0.88194141837927997),
(0.53889947268386718, 0.21274819651232471),
(0.4456863334501559, 0.45670614369816404),
(0.99076935076539141, 0.72725199833757814),
(0.26832395338582876, 0.53963317569973512),
(0.75172415688473293, 0.34551244582591112),
(0.15340483799763938, 0.050695320184275916),
(0.73136313584034884, 0.83539324767568079),
(0.1924530609403616, 0.64129127212468573),
(0.64448662958393887, 0.41861011111620811),
(0.32234758555947779, 0.15287329516666176),
(0.86719523483733196, 0.95547884483819412),
(0.42448590450964274, 0.7519743089295654),
(0.91962832772720049, 0.1061690988151614),
(0.10703615606103296, 0.26215518402977883),
(0.57015670606979196, 0.5787526269743779),
(0.16185028869711435, 0.86329944493606026),
(0.71758353088852245, 0.026629738619043605),
(0.30093089784217142, 0.34047312555608533),
(0.80090550155272289, 0.50267199786465644),
(0.47129379712475328, 0.70310436854951508),
(0.96817725695246948, 0.48076749949005126),
(0.012846117863477032, 0.24366798549011326),
(0.50180280295324131, 0.91887370985182726),
(0.078248305450856218, 0.60813054959561608),
(0.60092079403062582, 0.28750838761043696),
(0.38570496920279729, 0.07876026642526042),
(0.88272320830161399, 0.78329486432655515),
(0.37292975512372756, 0.98000465883791188),
(0.83514217646487632, 0.1718544149168838),
(0.22801961981234567, 0.3894286646774433),
(0.67217083949087475, 0.67113993500501867),
(0.24205337212052982, 0.93887163060887113),
(0.66519664349713981, 0.13277440088589743),
(0.34585309197113329, 0.43167615321584246),
(0.82222301687491151, 0.63838542954513966),
(0.40209711219660588, 0.56464746874699523),
(0.89587332480962856, 0.27491728562159679),
(0.065132807341097443, 0.11131774100810604),
(0.61390184583887975, 0.77877738788569362),
(0.015965493936485886, 0.73997927145225006),
(0.52620489407855797, 0.43918681718167651),
(0.4891769016232369, 0.19147892795979912),
(0.94587804260736164, 0.89990867595111179),
(0.29368233324337734, 0.82730118281341614),
(0.78281634127521693, 0.041003543320333652),
(0.17649856495803651, 0.36359202749516001),
(0.70299790710092436, 0.55911672386124889),
(0.11378229019345085, 0.80533699139482384),
(0.58530421945249167, 0.076285727264571432),
(0.42111343414312674, 0.3103866970167698),
(0.92570544339756744, 0.61107630862825391),
(0.34214346814021679, 0.68516220379166914),
(0.84946212486174377, 0.39839557429850758),
(0.20980658331760296, 0.17450482795117533),
(0.63360425375172447, 0.9963223970455436),
(0.13465318574875698, 0.51922595668272986),
(0.74562645697030605, 0.32738452488793918),
(0.26272073891629338, 0.010960037171690286),
(0.78015417997674241, 0.84815912708435903),
(0.45688383410591221, 0.9371380422656167),
(0.97708149157082136, 0.22536241519493985),
(0.047610607177334646, 0.49604057827518272),
(0.55835546033506944, 0.71742409362047721),
(0.072554700933186417, 0.98527738626340944),
(0.62225022569094735, 0.18720354331590564),
(0.39144728040172466, 0.40595376196429506),
(0.89986714131920453, 0.67685352088058481),
(0.35603762111940468, 0.61748744751713802),
(0.81278453976521625, 0.29737242114955653),
(0.24380180539109769, 0.064497337063769603),
(0.65844208412448546, 0.80311321231802457),
(0.18222187530724621, 0.70704266512481706),
(0.69458250823424761, 0.49084000505541076),
(0.2856965755759574, 0.23116144744810474),
(0.79613364919449536, 0.92440399854448363),
(0.49427260982766436, 0.85251461686670815),
(0.94306842426070425, 0.0060805759207606929),
(0.030816500881412148, 0.3128069269628132),
(0.51685513164819297, 0.52762881351435731),
(0.21820527927931496, 0.76607310773562975),
(0.62557062227957061, 0.11800163170539399),
(0.33246562884279046, 0.26743132630728272),
(0.85456116287876038, 0.57521596196623292),
(0.40753615878762817, 0.62857230899840355),
(0.93240748608197122, 0.4232249000544141),
(0.12391281446464908, 0.13578233512500468),
(0.58737874689742464, 0.95194386679472709),
(0.059493790147378066, 0.54768923651600088),
(0.55360717521993807, 0.37324222754636233),
(0.46791857504034706, 0.03202194445869172),
(0.9702674609070252, 0.81782177960587388),
(0.25520179584490488, 0.89835437606508017),
(0.76949559702513948, 0.20074343076467524),
(0.12551042684629432, 0.44847952746778535),
(0.73534737278104711, 0.74362467113444275),
(0.14709828726059349, 0.91241388754224417),
(0.72138204174247877, 0.24209859598628816),
(0.27406029733483328, 0.47017469892647618),
(0.75914703723214849, 0.69382886017978074),
(0.44449433420356582, 0.51327821995331047),
(0.997084677950559, 0.33357628161786185),
(0.041686275852734989, 0.016713584086650579),
(0.5445942161875339, 0.8738865227649999),
(0.10142527764450802, 0.65662477974362199),
(0.57379026143839806, 0.37702121999798799),
(0.43195841258718831, 0.15739735423559642),
(0.90625198546838637, 0.97411713456091664),
(0.31724994947786722, 0.79589380112140007),
(0.86253866730580975, 0.087662619491329113),
(0.19724892262446092, 0.29149238227427587),
(0.64851842872123655, 0.59832413535952322),
(0.0040420000793892951, 0.83897446490131133),
(0.51417622226322313, 0.058609081307470869),
(0.47818090189918322, 0.35470450353988686),
(0.9593532734690744, 0.5369086992496056),
(0.30852210718355783, 0.72375488231272411),
(0.81133785883524534, 0.46567935342211514),
(0.16497036326623946, 0.20387063713986117),
(0.70883569807218438, 0.88386378664341747),
(0.22169183976102533, 0.58697936386207128),
(0.68044576896971509, 0.2506737680733927),
(0.36616054380097851, 0.099913109617176143),
(0.84169463345426365, 0.76140543239471725),
(0.38210646035050566, 0.96372796740184874),
(0.89057329954508246, 0.14453176021582892),
(0.092321508898882798, 0.40843499061923844),
(0.60522540435090566, 0.65298375103468786),
(0.11287646046161387, 0.88963597384619264),
(0.58018872647524145, 0.207505314931926),
(0.41634951734407799, 0.4627223714336598),
(0.92881119781646471, 0.72118884995407484),
(0.33736265745258709, 0.53362828319982181),
(0.84574955138962382, 0.35669534017112958),
(0.20550272448581988, 0.054740929399418471),
(0.63803782391673403, 0.84261609361912959),
(0.13964724188216113, 0.64977048001384496),
(0.74976875373934826, 0.41129827406118735),
(0.2602830530739732, 0.14161185433578527),
(0.77566757186072555, 0.96858576334398527),
(0.46040039483057787, 0.76432356915188049),
(0.98060287959069381, 0.095285699593252615),
(0.054660031927511649, 0.25668127429205473),
(0.56206249860141644, 0.59257907637817187),
(0.23514739352522521, 0.86981702764360946),
(0.67072938781025226, 0.020804829838455576),
(0.34959401785335481, 0.33175191765045919),
(0.82474434929636886, 0.51099582327043758),
(0.40524498711512574, 0.69038315810513096),
(0.89156140988688681, 0.47637034035409792),
(0.067505256018146054, 0.23571411301466691),
(0.61075411307252425, 0.90675602710003267),
(0.021369956352115981, 0.59737769503397997),
(0.52952591575678309, 0.29332393955478364),
(0.4880766183366288, 0.093087727955117786),
(0.950529381101617, 0.79001936925660854),
(0.29118711383440493, 0.97100048177945475),
(0.78664119189226733, 0.16127344969355784),
(0.17224785730667933, 0.38109667265854918),
(0.69791179088580468, 0.66098638225792428),
(0.15633004415403307, 0.94727479719793406),
(0.71195335245259128, 0.13846720877821267),
(0.29918544259370811, 0.42894013299542205),
(0.80048370503455335, 0.62981069599452544),
(0.47638598811179483, 0.57250817199819792),
(0.96282789628087329, 0.26982233596706767),
(0.0085818941469418403, 0.12402124580501848),
(0.507366665024507, 0.77060227726123764),
(0.083263958759685411, 0.74917029992752004),
(0.59625707662984107, 0.45201736538924064),
(0.38717114642172284, 0.19805624367170363),
(0.87544811121724997, 0.89112081582785807),
(0.36827929382578367, 0.81300781959538071),
(0.82871473604312929, 0.035799264886771653),
(0.23418559209518161, 0.36967749725397914),
(0.67950940989520159, 0.55386472649452545),
(0.037883087161525643, 0.79912676471613853),
(0.53490855830073347, 0.068370886277873855),
(0.4508628908494593, 0.30340997317691759),
(0.98626760534414593, 0.6244130245924413),
(0.27050843069086933, 0.6724188645442476),
(0.75735102331828308, 0.39990287764086935),
(0.1497744567844293, 0.18111945368493404),
(0.72714373067854043, 0.98893657642487875),
(0.19115559057988629, 0.52622153717708486),
(0.64835861884212831, 0.31712682068174181),
(0.32672850682165122, 0.0033737049270458567),
(0.87263137252680745, 0.85854056842581938),
(0.42957929184887667, 0.92692244966731863),
(0.91652251917456473, 0.22822184455932346),
(0.10458413174399848, 0.48822969232226243),
(0.56320665282418159, 0.70666162082295236),
(0.0012937309075199085, 0.99398677876532116),
(0.51074539077874914, 0.17656203604289455),
(0.48400652049672871, 0.39441052207166361),
(0.95402060632582675, 0.68252649472569404),
(0.31180487781451915, 0.61652209256912671),
(0.80734097027819873, 0.30677500187357282),
(0.17051053132644836, 0.070550519510778814),
(0.70364788898098474, 0.81245247576091317),
(0.22533728442630999, 0.71307279300507387),
(0.68618838328793019, 0.49940482545717602),
(0.36169403121337695, 0.2196072714001813),
(0.83892483513301075, 0.93245975780481394),
(0.37567906515401728, 0.84490634492941441),
(0.8855329512148854, 0.014455580744724661),
(0.08865443668071317, 0.32221479137739534),
(0.60603475882975477, 0.52107364931621059),
(0.14065931541522489, 0.77575219719434907),
(0.72552517518770843, 0.11668832722012973),
(0.27830264326808035, 0.28004574454287301),
(0.76314985613188624, 0.56645685890815456),
(0.43884820835561839, 0.6328449047925172),
(0.99530765992683101, 0.43514717030945532),
(0.044095468810202376, 0.12612002566013222),
(0.54221454331344299, 0.94525398186024978),
(0.096210887059222497, 0.55570637375627185),
(0.57746566195831939, 0.36297563040471764),
(0.43489693225412518, 0.04335129970124213),
(0.91302986301758537, 0.82225645775917988),
(0.31533056172050455, 0.90299229453994034),
(0.86371319283358372, 0.1889206478875301),
(0.19954484391136623, 0.4442231014297382),
(0.65455745624654027, 0.7352833685796496),
(0.21140711999858927, 0.91575429276806442),
(0.63241426928455524, 0.24740367533665267),
(0.32922749816371721, 0.47931958140479031),
(0.85929370864960208, 0.69911148916007237),
(0.41335968140525003, 0.50739785209597188),
(0.93618609042526668, 0.33872077905325643),
(0.11875216817602792, 0.029342081321312642),
(0.59343877614396146, 0.86126412030727262),
(0.054857600158642592, 0.66617536171692959),
(0.5502103880192124, 0.38359091167884329),
(0.46115873845517685, 0.16500428155024377),
(0.97473230512880338, 0.98132230644665619),
(0.25010571211127547, 0.78757122100125487),
(0.77043238826839311, 0.084567131586032296),
(0.13238706047672971, 0.2819660337860122),
(0.74122886291990275, 0.60298226255870413),
(0.075419966378658124, 0.83040702303978986),
(0.61935257530954058, 0.050894102373981606),
(0.39777005028866824, 0.34777083620907728),
(0.90554375843316537, 0.54459407956945061),
(0.35528925828151242, 0.73316244766162075),
(0.81782684962629393, 0.45712420890037053),
(0.24985786493499348, 0.21490275448579954),
(0.66356831672262628, 0.87864740960105137),
(0.18479538428396536, 0.58370312775678512),
(0.68830398204169563, 0.25858510060516704),
(0.2844327466540485, 0.10197322266295925),
(0.79110771616615516, 0.75454691060682888),
(0.49800104137350087, 0.96048967793128637),
(0.94029773221159618, 0.15191685917154304),
(0.024007099428747382, 0.41664227396963754),
(0.52175076458683789, 0.6482104816682478),
(0.048387996757217056, 0.9341198793407588),
(0.5570134723593928, 0.22289375023235444),
(0.455621678829917, 0.49372654932119447),
(0.97758445509340963, 0.71525198005818735),
(0.26178802827041692, 0.51692328975516355),
(0.78043507257241329, 0.32593290566321775),
(0.13284996110448488, 0.009267920317899787),
(0.74426279786119021, 0.85026673638380557),
(0.21027413166970679, 0.6862989125391199),
(0.63462143153471851, 0.39475619733277617),
(0.34355138015172465, 0.17253268470252187),
(0.84785312261894064, 0.99990774326357812),
(0.42053169681505287, 0.80822483345238394),
(0.92455124635676789, 0.074284220815872715),
(0.11499816558566918, 0.31090484393144785),
(0.5847722964353308, 0.61207885532444528),
(0.17765055450857103, 0.82521456104488333),
(0.70150125065316415, 0.041360176647949998),
(0.29422117315588459, 0.36548745553599188),
(0.78179815066858649, 0.56227044742006249),
(0.48992130660084904, 0.74112252980649063),
(0.94702479360992509, 0.44124894260608094),
(0.017165363979314948, 0.19413651139758215),
(0.52687699834655666, 0.90173091680410022),
(0.065675190233588129, 0.56435198944876508),
(0.6151015788012264, 0.2764536052127945),
(0.40044795424896718, 0.11301762047388203),
(0.89484911999742245, 0.78117713810434319),
(0.34724696021550444, 0.94087478094157651),
(0.82103522681210428, 0.12969603846324632),
(0.24045232853964008, 0.43071734053794192),
(0.66460462073046855, 0.64033216717059949),
(0.22688212171900571, 0.97799510617127317),
(0.67370532193752342, 0.16803023708054363),
(0.37177540403657616, 0.38771727824672142),
(0.83435261557429385, 0.66810496920844709),
(0.38643574190458291, 0.60546891055357743),
(0.8815689057602818, 0.28521553394597277),
(0.079345918470551849, 0.080700732432737607),
(0.60057925959889091, 0.78260631909810963),
(0.011935281211037242, 0.69947001933703401),
(0.50052797954876949, 0.48412210527214905),
(0.47202859760557364, 0.24417620088139588),
(0.96758065542285443, 0.92063077056233367),
(0.30220728163989247, 0.86644944587284278),
(0.80187394194244388, 0.025299235031085839),
(0.16019910926830877, 0.34293360216854146),
(0.71817631590724218, 0.50172976413779102),
(0.10617017512086926, 0.75108037655868809),
(0.56918917560241278, 0.10877560623403253),
(0.42564064289534848, 0.26452658608041518),
(0.91807496695499247, 0.58042164920650741),
(0.32399702864894475, 0.64371377214035852),
(0.86889707476619882, 0.42065131415253137),
(0.19158431993545499, 0.15566240547682592),
(0.64313744787688831, 0.95447631164180158),
(0.15272226079170623, 0.54197309548206318),
(0.73177920821716491, 0.3462875157172205),
(0.268628046785713, 0.047476669687214479),
(0.75086482890765427, 0.83282297601621635),
(0.44630862193738008, 0.87951314658814961),
(0.99152197870045455, 0.21346864065971932),
(0.032884592053221695, 0.45340226444233955),
(0.5380305957050634, 0.72853278846265201),
(0.093079379979375529, 0.96118692062741318),
(0.60387044031607029, 0.14695909184698272),
(0.38174340970173432, 0.40649166418956689),
(0.88964520693586313, 0.65543798245455576),
(0.36700106173475144, 0.58940197856715904),
(0.84002109328676866, 0.25351783710275194),
(0.22144112918815817, 0.098508413926049879),
(0.68068161010663797, 0.75956488229256069),
(0.16577033776224434, 0.72488336222710792),
(0.70789840210219546, 0.46689509890443309),
(0.30679325079448583, 0.20600633528152607),
(0.81177122172151994, 0.88625024442121303),
(0.47730821382562172, 0.83711892938330679),
(0.96001232015558968, 0.060700611387407684),
(0.0056771504772496796, 0.35181173692683054),
(0.51512217771670654, 0.53848769546655906),
(0.19574770025910235, 0.79392866739349255),
(0.64962865940682613, 0.08977760941719827),
(0.31801241122002155, 0.2891810460582725),
(0.86214595732615085, 0.59994419316932723),
(0.43301885641163546, 0.65937597607339604),
(0.90740246156783866, 0.37550094864656314),
(0.099958574089377306, 0.15979226201670477),
(0.57296891554765117, 0.97476707884226288),
(0.042604295047784173, 0.51467183134865102),
(0.54378060745375889, 0.33490464264132058),
(0.44351595309749142, 0.018049490144013844),
(0.99661593318542818, 0.87148758309334085),
(0.27505377976571466, 0.91122030238288354),
(0.75816399109376165, 0.23995264481320802),
(0.14748257561462239, 0.47075043353409374),
(0.72261981838453848, 0.69230497271794045),
(0.12685227290749554, 0.89483457636813557),
(0.7362588414462744, 0.20289409877108275),
(0.25399869982896056, 0.446707944847552),
(0.76845721276820178, 0.74451365989017915),
(0.46705537873661296, 0.54959129349994074),
(0.96933872196734505, 0.37142347269987575),
(0.059625819363256234, 0.035069471883843573),
(0.55435955123581571, 0.81956530125222571),
(0.12470849320913635, 0.62509635796921492),
(0.58597151126286751, 0.42514843481006387),
(0.40678010900698824, 0.13434721541633207),
(0.93305621116138393, 0.95082253322516697),
(0.33381463710150533, 0.76884866585785039),
(0.85358251476479441, 0.12078051648845139),
(0.21759535235271785, 0.26873168016877663),
(0.62611174211721699, 0.57744501906175572),
(0.0301111442506895, 0.85428177160269758),
(0.51567831906202433, 0.0044799474702402848),
(0.49573074021183766, 0.31622136562565517),
(0.94238057833592959, 0.52965140573691882),
(0.28664020102829346, 0.70911572550595892),
(0.79506544371082977, 0.48919863100600602),
(0.18266638361219015, 0.23245459706268159),
(0.69431083202215815, 0.92335247793201891),
(0.24284426452747832, 0.62034297851733178),
(0.66012590342264765, 0.29983088277187442),
(0.35666098718968942, 0.064164044044037333),
(0.81434819890303367, 0.80172774765219101),
(0.3917773845934196, 0.98647982162588488),
(0.89864093809351542, 0.18362235258787343),
(0.073474911648321886, 0.403859698072003),
(0.62205470915502215, 0.67820910858004324),
(0.069100830291683402, 0.91013282753270652),
(0.61310696876984461, 0.23758315015172027),
(0.40243481805394243, 0.47427287923062961),
(0.89355094953733594, 0.68904038697582526),
(0.3504753328685809, 0.50810969531743311),
(0.82713302740248107, 0.32864803262298559),
(0.23761827249103834, 0.023225284748566975),
(0.66979897102921937, 0.8675415017876924),
(0.17495667062823669, 0.66295129363614924),
(0.69562083954599618, 0.38059227941699819),
(0.28924326817194379, 0.16226543882594374),
(0.78878037478742946, 0.96953078858100061),
(0.48553591372882232, 0.79195206245972605),
(0.95271066156228268, 0.090031196356831253),
(0.023272643425135731, 0.29673321554397758),
(0.52920766145029208, 0.59375523323079926),
(0.20426723233823182, 0.84072436402392736),
(0.63898936229632664, 0.056969949835508508),
(0.33795084135885489, 0.35899792912491307),
(0.84532894790927793, 0.53175970195009348),
(0.4160078048954795, 0.72037628777788387),
(0.92641165727986363, 0.46326887807594802),
(0.11048415412921417, 0.20969153444111122),
(0.57816587638200145, 0.88727279444930629),
(0.05176664231801642, 0.58986742219735877),
(0.56032060597255695, 0.25561230026602433),
(0.45832150581139142, 0.096120161242451513),
(0.98319212343197804, 0.76296529010530811),
(0.25913641448577002, 0.96658649072787994),
(0.77503542422258864, 0.14325559610505897),
(0.13828462854702031, 0.41338284653520896),
(0.74762807990155522, 0.65105527748279535),
(0.15218014235511304, 0.99041404694404411),
(0.72978700990402057, 0.18352210592492088),
(0.27319841822199087, 0.40120112549128234),
(0.75468200145415998, 0.67504143894825319),
(0.45285260409989353, 0.62274261059564318),
(0.98749611459050057, 0.30233603310276991),
(0.036789882816494028, 0.066597865919471713),
(0.53162231229509527, 0.7982889858163198),
(0.10330798638242064, 0.70506479501250341),
(0.56524881058691556, 0.48490314614692831),
(0.42640027037362865, 0.23029636163779149),
(0.91548184331979221, 0.92907190288550534),
(0.32592096109411889, 0.856437172256589),
(0.87345346563755111, 0.0015114794731148568),
(0.18761307996415427, 0.31935209866402131),
(0.64469027521279898, 0.52388188783399869),
(0.011045335605781959, 0.77241591020145661),
(0.50533995096805451, 0.12122562834492684),
(0.47358080188522522, 0.27323110258190281),
(0.96469620943006518, 0.57100384360844991),
(0.29777897267450637, 0.63229962931648998),
(0.79764015089204965, 0.42759206897414409),
(0.15962040517196616, 0.14043045407427485),
(0.71349998871662113, 0.94684469553598505),
(0.23064443378690391, 0.55124149149783308),
(0.67621691621316182, 0.36813649960081801),
(0.36949720193356816, 0.038494956214098527),
(0.83061681091189499, 0.81513064055405493),
(0.38868668819636154, 0.89448896611389606),
(0.87852364375300795, 0.19688720612711585),
(0.084681179735693987, 0.4511104856385767),
(0.59432114542402092, 0.74781093035060253),
(0.045214092093816119, 0.94169044476654018),
(0.54072896446269592, 0.12788083153664581),
(0.44024735321395408, 0.43633096088975093),
(0.99266400367375918, 0.63633964347243988),
(0.27965329261618643, 0.56923389149066539),
(0.76541208005959571, 0.27852543457852019),
(0.14312736931843004, 0.11384169451140316),
(0.72355425345237256, 0.77402588016278528),
(0.20195572185636818, 0.73733532419747649),
(0.65240245415337861, 0.44222002821988271),
(0.31324837731662519, 0.19130561341067434),
(0.8660626225620397, 0.90619806105394662),
(0.43748795557333275, 0.8229275359385636),
(0.91016178265769698, 0.046333647116793074),
(0.095488958872354895, 0.36015293641479174),
(0.57555507488575486, 0.55748175898206631),
(0.16808654173158938, 0.81009902848448734),
(0.70566937917937123, 0.073664276855772759),
(0.30864338496884064, 0.30577026172870747),
(0.80545595817827642, 0.61402868841925617),
(0.48052304383310074, 0.68006214163937539),
(0.9566714698055937, 0.3917802127874026),
(0.0024317966024570651, 0.17872796908638283),
(0.50877740814159511, 0.99597330679884366),
(0.087421085007277119, 0.52192533619644299),
(0.60745880907805661, 0.32297719014063225),
(0.37839532961573497, 0.011757723090585679),
(0.88309109418468834, 0.84591696654943471),
(0.36022231904408591, 0.93127395940783075),
(0.83702694235222808, 0.22109596776472229),
(0.22434448589205228, 0.49734499144107092),
(0.68488397819004887, 0.71148055091473528),
(0.24738258285168599, 0.87550753549040017),
(0.66145135738901439, 0.21761548888398119),
(0.35307815288059935, 0.46056173077622614),
(0.81951465377245747, 0.73131698763636177),
(0.39511422512266997, 0.54526693111978508),
(0.90301739144949011, 0.35123333285996006),
(0.077295822881175522, 0.05349447230616669),
(0.61742526577641899, 0.82835438190618982),
(0.026642479788187144, 0.64464107683933713),
(0.52015645371919461, 0.41527818559688945),
(0.49931973547215552, 0.15029089536194876),
(0.937656176191346, 0.95871005121450703),
(0.28183244643719452, 0.75721997586871337),
(0.78949568612311549, 0.10355606993573839),
(0.18572352748039289, 0.2616150427437024),
(0.69136359616446241, 0.58430656679606818),
(0.11999363530936882, 0.86305940800431113),
(0.59079014888238746, 0.02869842305190182),
(0.41099686564509219, 0.33706928639163936),
(0.93535292972648798, 0.50543395969112226),
(0.33060651424739917, 0.69583558333583351),
(0.85552227252303936, 0.47791083959298392),
(0.21473419006248737, 0.24986322269079506),
(0.62980538361034943, 0.91795560590421765),
(0.12927670206638711, 0.60488150829772136),
(0.73927617577236171, 0.28387929425847336),
(0.25339193720385889, 0.083559106608801184),
(0.77187458752086668, 0.7869618930074963),
(0.4629666404531208, 0.98431710273111439),
(0.97282528168375981, 0.16683206094641007),
(0.057292197189034728, 0.3852729695963395),
(0.54718716412500323, 0.66539527213756056),
(0.017958907774321034, 0.89868751061313368),
(0.52420174809797837, 0.19318759505224653),
(0.49208759835610077, 0.43764280331115685),
(0.94736641247295816, 0.73884606495086314),
(0.29600436909992817, 0.55988268198270186),
(0.78409508791951132, 0.36469892789645569),
(0.17938574273580218, 0.039254478679905003),
(0.69959135359803171, 0.82685962764663579),
(0.2391820991284099, 0.63753883406807521),
(0.6668204135971777, 0.43284574920006402),
(0.34505364917247849, 0.13149349927608942),
(0.82353894011387463, 0.93810497279017613),
(0.39998357758016539, 0.77781532384224816),
(0.89809244716932624, 0.10971669512760378),
(0.062852963122415326, 0.27429218455951854),
(0.61622688682958437, 0.5659981345272771),
(0.1358061176075287, 0.8489391636884015),
(0.74228948376275916, 0.010553053086195844),
(0.2648975843452217, 0.32648654951065031),
(0.77855655569678162, 0.51817290452600084),
(0.45322590927474432, 0.71786592904986024),
(0.97922947479822753, 0.49489921987141999),
(0.050263773364762725, 0.22611746291498783),
(0.55501108407893318, 0.93611018023045933),
(0.11624046679751637, 0.60949706179684127),
(0.58295213515172695, 0.30900749697036356),
(0.41823051172188735, 0.077216478381111051),
(0.92280641769463478, 0.80574536241587391),
(0.34158305387435423, 0.99717744260858454),
(0.85002064606680072, 0.17503070633910636),
(0.20893599536652802, 0.3973656928999042),
(0.63569452075035271, 0.68450814147432937),
(0.19382625495194278, 0.95695063524839463),
(0.64153302513028054, 0.15377790811688508),
(0.32191460043032089, 0.41974899479313332),
(0.86944546903589137, 0.64171816726481135),
(0.42348507974339245, 0.57936835397094433),
(0.92036089954411604, 0.26336939239269941),
(0.1078551535107736, 0.10692273530581571),
(0.56699489901392464, 0.75374698955342989),
(0.034701652020387018, 0.72807628363423083),
(0.53649657111342053, 0.45582305370632342),
(0.44826803442652335, 0.21166913128586162),
(0.98977063198627635, 0.88176096788686631),
(0.26658369445760971, 0.83448772833927365),
(0.75275667910598332, 0.049580242756210841),
(0.15477670151712589, 0.34430469812046921),
(0.73426042348783915, 0.54097181337940592),
(0.080131381713509822, 0.78430516986541532),
(0.59899660477561889, 0.079301584367604566),
(0.38345668112847353, 0.28842271494306415),
(0.87958794364710147, 0.60907123351496772),
(0.37332593429234512, 0.67077868517777328),
(0.8338211370452735, 0.39053588126309768),
(0.22942468305644378, 0.17046335059258025),
(0.6742777494559008, 0.97898633827011405),
(0.16377863542927212, 0.50304702687433533),
(0.71584259216573298, 0.34144261844155488),
(0.30436507225049975, 0.025971413778618498),
(0.803279945285439, 0.86451957947420155),
(0.46991646627857364, 0.91900783392474183),
(0.96582042549489566, 0.24294719797359957),
(0.014334488666395851, 0.48234845079219418),
(0.50266239088893161, 0.70139691752234379),
(0.098758786901270587, 0.97296135902955805),
(0.57209315948922934, 0.15684900187231601),
(0.43127427876225516, 0.37859725006640216),
(0.90963925792003819, 0.65799358830050036),
(0.31917580704083637, 0.59894873459801501),
(0.86081080279964828, 0.29206465414843868),
(0.19811593020801044, 0.086290503296771751),
(0.65045597321291626, 0.79630332551867422),
(0.14523923998506866, 0.694449725384778),
(0.72062620505008512, 0.46948500816751687),
(0.27634014383149125, 0.24072324146857049),
(0.76080723732573474, 0.91359646029305908),
(0.44147403907574118, 0.874292809855584),
(0.99876683722159965, 0.016232864173444068),
(0.039567328224829217, 0.33227090436771484),
(0.54663866907299619, 0.51254475054155191),
(0.22007566822072114, 0.76051251773817619),
(0.68270777384701575, 0.10064212633995034),
(0.36478958555993612, 0.25102285870133229),
(0.84333130897791342, 0.58663780255471676),
(0.38021387196080736, 0.65402666294292044),
(0.88758756728945232, 0.4098118829745101),
(0.091754408206735097, 0.14561681060200077),
(0.60195260515298332, 0.96412360685200349),
(0.0060520175389119314, 0.53538782828431952),
(0.51211190976373699, 0.35432486532197321),
(0.48027654795394215, 0.060336773899561151),
(0.9574486215850182, 0.83879646140636654),
(0.30626373593771511, 0.88332555387324252),
(0.81007639995233827, 0.20414976155404949),
(0.16777051566489234, 0.46592021037648906),
(0.70941890693838672, 0.72342673275001113),
(0.17971832000177679, 0.92557620927936912),
(0.69279588396592995, 0.23224264043872181),
(0.28818177964136377, 0.49148653558495148),
(0.79347951076066359, 0.70821281543388559),
(0.493057310244228, 0.52894148329667634),
(0.94416011476360118, 0.3140710737949971),
(0.028372396100851394, 0.0075677476443003419),
(0.51853303669530215, 0.85265728780452876),
(0.071899042176058817, 0.67654943859978001),
(0.62468671893545424, 0.40524847058105534),
(0.39295898118038058, 0.18581932036981472),
(0.90094389338354297, 0.98607105009398555),
(0.35918918966787455, 0.80436491103311103),
(0.81524006338950084, 0.066051859335060942),
(0.24439497243482314, 0.29869401669338591),
(0.6565294856721563, 0.61816634720609853),
(0.061912554375216498, 0.81721933801532909),
(0.55230059293473865, 0.032909447154800646),
(0.46510254118001276, 0.37438225185253693),
(0.97132132246919423, 0.54813863139487795),
(0.25602438473561551, 0.74259198106082192),
(0.76595304564988054, 0.44752788216222639),
(0.12758547749560262, 0.1992831797911104),
(0.73754327072184478, 0.89741196374277477),
(0.21559858945729382, 0.57504120298655126),
(0.62886391976615252, 0.26572362743983807),
(0.33553822222542645, 0.11868357765568435),
(0.85246309892009819, 0.76737870415070097),
(0.40997744024678473, 0.95240813630973864),
(0.93119886614835135, 0.1354388061811086),
(0.12296861011548189, 0.42257123401660984),
(0.58903582366831297, 0.62698579370938623),
