(0.085032448717433665, 0.89161127730485767),
(0.59484488594982199, 0.19900419407314446),
(0.89009748203800154, 0.70239166335684278),
(0.37792813820011728, 0.49877113707675635),
(0.37019163869697369, 0.60724841738589386),
(0.78675326865020301, 0.30183057235353233),
(0.18936161314709127, 0.098723066503589446),
(0.69303410021691159, 0.76170373898812493),
(0.95713321513518379, 0.025749037835712446),
(0.49951909153295854, 0.82274515044715091),
(0.52092801032611802, 0.50476363757067066),
(0.010907741917700189, 0.31483124462877099),
(0.65421342396989324, 0.41713204281192856),
(0.12916895325839339, 0.64936140600511183),
(0.82283741601049143, 0.99942526774073936),
(0.3044149466689805, 0.16704078801463929),
(0.58431255569399421, 0.92702142678278909),
(0.099176631562130316, 0.24223420466105505),
(0.43202865299889837, 0.74228424714339303),
(0.91622029041654163, 0.45414222593380749),
(0.22336106651456092, 0.80601962904868696),
(0.74726659358970204, 0.087324410667823343),
(0.3127940125209116, 0.26593915166701515),
(0.75923730180296811, 0.57999746685849518),
(0.26575539108097246, 0.94718800721648555),
(0.8744555890554131, 0.15513922840171362),
(0.17026761266052695, 0.38448480806576579),
(0.65800651272045596, 0.68130997153406292),
(0.46824414103181294, 0.032845705496088069),
(0.97624385776465661, 0.84702185906297611),
(0.54796240158639098, 0.36004396739330824),
(0.041561859157739189, 0.5411761896841254),
(0.62490590195554641, 0.7296681467538022),
(0.075739858945641517, 0.4385840827935138),
(0.3936216577166361, 0.90637729105745413),
(0.89749457874222704, 0.22483770568412076),
(0.34586964088003402, 0.066394237094197284),
(0.80408424685127677, 0.79216233021172433),
(0.70635713570195047, 0.25284783999481847),
(0.20928738696781657, 0.56472597389087698),
(0.83930705478437007, 0.39801749333244574),
(0.2869018743344231, 0.65625484376203291),
(0.15581419846354602, 0.12879058007925276),
(0.63522312038341178, 0.96781563279812699),
(0.4780665151964843, 0.35787277702713644),
(0.94268017998386866, 0.55162567668569717),
(0.026178090875512268, 0.86640288363580142),
(0.50639113068877639, 0.056536018045428918),
(0.7303828978452449, 0.61011476154175659),
(0.24493807084021663, 0.28153434266275085),
(0.33647929413929267, 0.78028396568817571),
(0.77153194474772158, 0.11706735232705932),
(0.41680860671239506, 0.21537794045242969),
(0.93583877590816289, 0.88636122933066175),
(0.5675236623165888, 0.47101932842714822),
(0.1130809811381225, 0.70643629734313029),
(0.98774223909398717, 0.33715901088519784),
(0.44926274917578085, 0.52797241935156536),
(0.048959972378308639, 0.0059446083466015032),
(0.53708671190315538, 0.8328831589913166),
(0.26007498458696887, 0.43472933924741325),
(0.85598105610582143, 0.63319345221671797),
(0.17514312668798632, 0.97865666827154663),
(0.68186824197899343, 0.18342103430070017),
(0.44378982351781332, 0.40521069791644926),
(0.99547135478248439, 0.66781717052390499),
(0.060713836080978377, 0.95481935632154702),
(0.53918280290210485, 0.13982867847193209),
(0.67650941522138652, 0.86785555263769032),
(0.1809818608526991, 0.049138793172574524),
(0.85146388464726064, 0.35097782595598553),
(0.25655521346619797, 0.56118412334501744),
(0.72018666814247434, 0.4504463261074797),
(0.23611092106786291, 0.72179186621904012),
(0.77891297804724313, 0.91448950913538218),
(0.33484752109535182, 0.23184200366344873),
(0.92711592210524985, 0.070395292372427185),
(0.40660902679024791, 0.78643256213996671),
(0.5776626423551211, 0.57270809232377229),
(0.12462383356440571, 0.25866138936545124),
(0.83541706352439837, 0.51855048066548737),
(0.29022500710536364, 0.33002599819248774),
(0.14369879725731738, 0.83715968060768176),
(0.62800228177090056, 0.015432033600929405),
(0.47520344743815407, 0.62749309642995821),
(0.94675655079639787, 0.42556341911871126),
(0.51440229566752516, 0.97144007216040362),
(0.020822280768505473, 0.17526880174498777),
(0.61244781471770238, 0.2950206198710974),
(0.068701579086159981, 0.62453988293238394),
(0.90247325433342973, 0.77315025171480867),
(0.39995139874215968, 0.11976205128145771),
(0.35578649713508803, 0.88202969690450128),
(0.80626219937660426, 0.20686717066395122),
(0.71721268115038195, 0.71737171778671338),
(0.21319717967199794, 0.48395942344995746),
(0.73545359301191005, 0.90404035688961459),
(0.2325543834479997, 0.18921738167925653),
(0.32157253647706291, 0.68837271347945972),
(0.75694403455054993, 0.48946643700883707),
(0.10875331346775639, 0.75725968478455385),
(0.58973095470827819, 0.10600753138609804),
(0.90739398549978412, 0.59952263612943091),
(0.42884238910883588, 0.30768681897858657),
(0.97686346210296771, 0.15822127720477722),
(0.4596156439604544, 0.99035506903308423),
(0.03492591793809624, 0.4134651134852797),
(0.55784786444471746, 0.64759386891342685),
(0.8641256928155886, 0.81484095847426208),
(0.27665906547145558, 0.021193931513966445),
(0.6688108995473373, 0.32406022307564386),
(0.15861907576843104, 0.50907067892367974),
(0.6442042360279131, 0.53343086324654354),
(0.1395665600815941, 0.37062037149047239),
(0.8181873152538095, 0.045529489273765836),
(0.30489258206420899, 0.85316626805997176),
(0.96541917636688523, 0.93877560773110069),
(0.48754143859111643, 0.14246636872087953),
(0.0037909858082032554, 0.67685533270048293),
(0.52906006326652011, 0.37917192685611439),
(0.19602512797143151, 0.9346307210339414),
(0.70043149903697099, 0.23501066738703466),
(0.36057599491286207, 0.46576057770583273),
(0.79324592041434983, 0.7362000518060694),
(0.38617717363481302, 0.5882313030846702),
(0.88228416965487977, 0.27835668030046118),
(0.6056845920725592, 0.80236125657584234),
(0.089799457138201741, 0.085312311467235016),
(0.27060686133727785, 0.29200738301959339),
(0.86983674995168836, 0.61759301084745932),
(0.66156524941611028, 0.12138258816900536),
(0.16784968140604342, 0.76758909652313423),
(0.55349473491418133, 0.87592994964330406),
(0.044627338938128751, 0.20772530572351114),
(0.46366454060462964, 0.71161888929312223),
(0.9690834426389382, 0.47995454913182184),
(0.43426393096009569, 0.0083738432057826138),
(0.92029512480789011, 0.84304729749333718),
(0.095121016160451932, 0.52197903764393316),
(0.58133394554329287, 0.33397415173411249),
(0.74284607452228457, 0.62923929418215907),
(0.21941503867109113, 0.426386241687292),
(0.76500166498734079, 0.17682064873906175),
(0.31813887056183038, 0.97537352742080652),
(0.88598817860482948, 0.051327966701745914),
(0.37987041764331936, 0.87141831741382392),
(0.6013565489314644, 0.55541867799249223),
(0.080004612868658537, 0.34485098498161582),
(0.69008601310380879, 0.40191412504303353),
(0.1927545094416076, 0.66934419373984033),
(0.78127215610381751, 0.95796903301974712),
(0.37462897675022289, 0.13364129508872891),
(0.6487416595753317, 0.78128786098865677),
(0.12820771428506275, 0.077003192228143488),
(0.29932825399128998, 0.57654776682643283),
(0.82607950529107133, 0.26376772389649311),
(0.95461355167518014, 0.72294936645401831),
(0.49339958325576083, 0.44892900448579931),
(0.012946346498455139, 0.92087180914742539),
(0.51809666032469781, 0.22661622782518587),
(0.1764896652408382, 0.27437132615092491),
(0.68704312217852381, 0.59138056870138067),
(0.26496337403606557, 0.80072178663250948),
(0.85158877443646319, 0.079443220091630865),
(0.44680467244780686, 0.24082573570492743),
(0.98872411744085786, 0.93044502309761334),
(0.53253630649425088, 0.46391391671003823),
(0.053754074783178118, 0.74073934036563904),
(0.3437414931350623, 0.37824266835293696),
(0.76731294221051261, 0.67200699226778693),
(0.73269130913689162, 0.14477127143458682),
(0.24993218394956856, 0.94313412540551556),
(0.93131350110495725, 0.37144498232062118),
(0.42033348186763869, 0.53719042393990513),
(0.11526585456898526, 0.039335388927874373),
(0.56433331209542259, 0.85625973578013492),
(0.14888126019602332, 0.59712839136671636),
(0.63855175464776204, 0.31223791280534618),
(0.84017164087973994, 0.75121072010823042),
(0.28395886510717999, 0.10435482714255037),
(0.48210104036419971, 0.90056502436330454),
(0.93955504193703865, 0.19347447248762334),
(0.5031198609383869, 0.69143640360254743),
(0.027454347856612087, 0.48531960654724199),
(0.89422127475645463, 0.51333582392425758),
(0.39604290053751257, 0.32628156053231622),
(0.073239347225215023, 0.81984674685538839),
(0.62095944426518057, 0.017932973861234509),
(0.2041745957213392, 0.16249446049632052),
(0.71005162347263229, 0.98523580398310773),
(0.7986831113215962, 0.40829387620134716),
(0.35141692966112204, 0.64129050624701145),
(0.35156651388008503, 0.36403918857284062),
(0.81090235674367062, 0.54567874784281067),
(0.71406963271341006, 0.037989128449029609),
(0.21748779704884855, 0.84958456848011488),
(0.6154350815614803, 0.95038267247455654),
(0.065744379802142747, 0.15141743488592843),
(0.4033287680934885, 0.68703707424538507),
(0.89919422926475789, 0.39053919514143515),
(0.46921128568813086, 0.091753755350980321),
(0.94998651943578327, 0.81154218962933589),
(0.018827919643839775, 0.58285431239911067),
(0.50981169225436151, 0.27242612276905231),
(0.63019563567230108, 0.74779990401165763),
(0.14709391557316617, 0.4605701143293735),
(0.82970046760762439, 0.24795911914698204),
(0.2961781057833125, 0.92201446512860918),
(0.99626225166049942, 0.094526870410183886),
(0.44061740018455725, 0.76173865692525655),
(0.54570991788823597, 0.60333017856382376),
(0.058589836625954655, 0.29728078222769672),
(0.67424565982513263, 0.4931062627612941),
(0.18498299418426215, 0.69753229478292134),
(0.84588997322486548, 0.89645563363672232),
(0.25039959507109738, 0.19964281650784629),
(0.72401202110639762, 0.82743559555350721),
(0.24174405917354849, 0.030106992883974708),
(0.32883095041469051, 0.50331555747360157),
(0.77437037434914235, 0.31987786291148324),
(0.92487575953703061, 0.65605588956971495),
(0.41216243412660619, 0.41962832616631435),
(0.11821860998413217, 0.99353353851348025),
(0.57208104597959297, 0.1686247026699193),
(0.19960447390267522, 0.34140355615697249),
(0.69648926853863247, 0.52698386688568832),
(0.36340708305188574, 0.82878541442970244),
(0.79032240429775724, 0.00033359489003837546),
(0.38738043100183184, 0.18721511252350881),
(0.87643474800147103, 0.98162363896392313),
(0.60373364691351306, 0.43182957043932313),
(0.090488581602949106, 0.63935104676561294),
(0.3088637762255878, 0.47463393638250306),
(0.81627178847328719, 0.71022136529798752),
(0.64624081576644954, 0.2118698995531747),
(0.13495622098909635, 0.88909933473402847),
(0.96385424258782959, 0.28737531968439906),
(0.4895223766571033, 0.61392224810041984),
(0.0063969631325195304, 0.11022970032375506),
(0.52425414704206819, 0.77448264855984172),
(0.22953201594794176, 0.54792040711792711),
(0.74067440286983421, 0.35336325317987177),
(0.7534202093872141, 0.86314579390772272),
(0.32699017101647238, 0.058715990818298716),
(0.4248118852630422, 0.96445465648502471),
(0.91035085734788435, 0.13244520011475855),
(0.59226036626455336, 0.66311317441350148),
(0.10461298506995924, 0.39261444668592882),
(0.9837260273343571, 0.56932925035088799),
(0.45613667238859557, 0.25734686140663993),
(0.03860977555941103, 0.7961367778355195),
(0.5624299893051562, 0.067096984185273253),
(0.16199160416108815, 0.22178164631934791),
(0.66766743983505727, 0.91258297608663175),
(0.86098491431546964, 0.44344122324102214),
(0.27949958535470304, 0.73355016903414394),
(0.93435201896971509, 0.21747064307339267),
(0.41498866880097851, 0.88311623461717614),
(0.57021025845426365, 0.70476480739471725),
(0.11062208535050568, 0.46958734240184874),
(0.24408892454508246, 0.61132863521582892),
(0.7270871338988828, 0.28343499061923844),
(0.33960040435090572, 0.11392125103468786),
(0.77013021671253246, 0.77848729592322774),
(0.25974069769238517, 0.63498682795048289),
(0.85837000486385195, 0.43621465968815598),
(0.68130411786731959, 0.97676302063292952),
(0.17284644990814968, 0.18058468990517421),
(0.98522531639964361, 0.52938972777924753),
(0.45167193034225916, 0.33873982397163976),
(0.046981858798836949, 0.83466939783346805),
(0.53874781223825918, 0.005856983764322251),
(0.024150335027689956, 0.05813125747869647),
(0.5042371731223747, 0.86431610614794641),
(0.94337995867157054, 0.35602264372145104),
(0.4801402766879706, 0.55361328966115575),
(0.83724088830376109, 0.65847138418138762),
(0.28822764918650523, 0.3964294388550233),
(0.15398754858410943, 0.96592187220283299),
(0.63437690275634384, 0.12654478705045041),
(0.34510280528721898, 0.79067752562050464),
(0.8013752846769111, 0.064422410706709579),
(0.70451946030091839, 0.56355119859273772),
(0.20753852154087504, 0.25189622423025149),
(0.078031941210261982, 0.72843531977377352),
(0.62266255570819584, 0.43969801203629211),
(0.39135010102933382, 0.22346135114504845),
(0.89554330420006545, 0.90992741270423194),
(0.30217726506796, 0.99655183151356619),
(0.82102287910956728, 0.1656063616732576),
(0.65492545591023554, 0.651058762203234),
(0.13277311351321711, 0.41440547766880986),
(0.5220790885589095, 0.31351675878453467),
(0.0080937743871156587, 0.50660508961335871),
(0.49656834531709837, 0.024729831771609426),
(0.96064463951584855, 0.82047258830806613),
(0.69337771939586823, 0.09968795490518248),
(0.19099691755642537, 0.75852713518741621),
(0.7875677659908441, 0.60877991006910659),
(0.36899639198905082, 0.30433447622358961),
(0.88720384399639596, 0.49792141756174657),
(0.37558217193413534, 0.70075753829388365),
(0.083979991610036969, 0.19637395504901406),
(0.59589205452247529, 0.89309041751937079),
(0.46513747485504003, 0.84485790325968213),
(0.97434723077848129, 0.034107917843445718),
(0.040643737343407274, 0.36222434743450005),
(0.54981975665571614, 0.53929296265156734),
(0.87210938919076153, 0.94844509708625857),
(0.26886415477354331, 0.15391805919036325),
(0.16904249450795825, 0.68323756979040307),
(0.6585107029890509, 0.38631304932305127),
(0.76036290443227694, 0.269035866601467),
(0.31447614755574771, 0.58141328169891859),
(0.22596057135383518, 0.089722710688291823),
(0.7488260491848826, 0.80664186138173866),
(0.5831189790884953, 0.24517079663656619),
(0.10058700528173867, 0.9284551635688586),
(0.43059828236986808, 0.45624058635708092),
(0.91537315284975762, 0.74559243115977258),
(0.032911824354169672, 0.64632661268425662),
(0.55612864136348361, 0.4112695136433025),
(0.97940365985409172, 0.98940337005361489),
(0.45731551185163871, 0.15798670869775339),
(0.86556364933463736, 0.022498163349129439),
(0.27480306411864691, 0.812683888487997),
(0.15810000964452484, 0.32172580564836312),
(0.67113574164590462, 0.51039996181503977),
(0.9098485575306422, 0.3046939065574984),
(0.42734282208578911, 0.60082554099345742),
(0.58764916914332721, 0.75569746265165361),
(0.10724048945138813, 0.10798475562903835),
(0.75452856013825331, 0.69085381555639747),
(0.32253437874714558, 0.49141168765289672),
(0.73680416402155757, 0.19049890296196939),
(0.23232682652182635, 0.90575269385262003),
(0.64098933601014774, 0.3684705165758605),
(0.13748152591435206, 0.53198181242675391),
(0.82007391780036265, 0.8536309202660215),
(0.30827889060962799, 0.044326880308034534),
(0.52965643985882882, 0.67926902742977091),
(0.001567411489449323, 0.38238699836142637),
(0.48622645775479068, 0.94058514265950943),
(0.96792854863242117, 0.14264675583044978),
(0.79564501938869803, 0.46862847537541691),
(0.36228290444025946, 0.7382459115361607),
(0.70266961408574602, 0.93645596226377248),
(0.19736684281630906, 0.23707141671123677),
(0.60748668458503441, 0.082412194853662121),
(0.087091215618910603, 0.80303468762040475),
(0.38309942632026445, 0.27974158662688592),
(0.88074233872049967, 0.58695302411844497),
(0.94735024751254371, 0.62563444891663866),
(0.47399813580943528, 0.4225282395082503),
(0.51248384940248426, 0.17371597603517069),
(0.023419165518359812, 0.97050487344100911),
(0.29231271407988069, 0.51648888566716733),
(0.8329194207750602, 0.33073031282273246),
(0.1423524528594764, 0.01223991249308044),
(0.62681673715929909, 0.8388298649971786),
(0.40182108553612889, 0.77068791356911048),
(0.90496360067330528, 0.11743937132743448),
(0.61098291280958061, 0.62288429229920428),
(0.068144853320144833, 0.29351623781050012),
(0.21206132919194376, 0.71612218085053325),
(0.71650405810651285, 0.48164496135205587),
(0.35751228764262527, 0.20445567728792291),
(0.80846574061454524, 0.87924645031728521),
(0.23664759843385913, 0.45198327603842475),
(0.72225994835768659, 0.71919247691035371),
(0.78118043810048754, 0.23266773525760678),
(0.33373836289331243, 0.91622704922255094),
(0.92865806700250964, 0.78891165153678622),
(0.40936863817206459, 0.073367870953459438),
(0.12252581757202445, 0.5703483508398054),
(0.57510515011740815, 0.26021493275731628),
(0.25456404607957972, 0.34808015061908104),
(0.84788195474796324, 0.55921197557733648),
(0.18186979741815459, 0.86968126686633074),
(0.67903190913890132, 0.048469141563024863),
(0.54249677032324151, 0.95596619925258774),
(0.058779667800741023, 0.13838760486998694),
(0.99230550897159908, 0.40330850844525268),
(0.44284169420210273, 0.66451264356793072),
(0.70842188051357025, 0.16176421408339123),
(0.20662332621033405, 0.98683424330809699),
(0.34847769532591849, 0.40643418233231032),
(0.80010944621365776, 0.64443958274700175),
(0.39754185586257285, 0.51536108942319248),
(0.89172434334308603, 0.32535794885749475),
(0.071565797939275033, 0.016157779173675703),
(0.61868658833649548, 0.81747911851443411),
(0.93855225868151748, 0.89918319471878561),
(0.48289687546470889, 0.19249335765983405),
(0.50112497364238895, 0.48641891018681921),
(0.030113335116374804, 0.69349793154083383),
(0.84244032951032699, 0.1018857701448266),
(0.28272518632643556, 0.75202804720896976),
(0.15134834063579958, 0.30883809572238047),
(0.63998659776761102, 0.59437638833941364),
(0.56595720007823969, 0.0426803630694369),
(0.11373114466555236, 0.8589777603034493),
(0.93295599440504373, 0.53554999523788127),
(0.41973736152715624, 0.37426651863010574),
(0.34105904190476788, 0.67527436771353588),
(0.76770906663174543, 0.37648070617133833),
(0.2468096878628957, 0.14806021787066165),
(0.73197021064889056, 0.94514485901714207),
(0.26175724708976678, 0.080736876306328295),
(0.8542047282959, 0.79742672131176917),
(0.17824053607198376, 0.59289317633717287),
(0.68508776984012509, 0.27671761320169813),
(0.44904193461298131, 0.93311208721985017),
(0.99187288521216188, 0.2394088529586299),
(0.052335522795164298, 0.46195712169311332),
(0.53393058360820045, 0.73877225546717629),
(0.12675085389753005, 0.7848906576024528),
(0.65056346042558899, 0.074333408497934295),
(0.82759774094776406, 0.5748544899948449),
(0.29868240120868639, 0.26285329543100888),
(0.49503081188315312, 0.72605482862420845),
(0.95665770192649269, 0.44574840707928015),
(0.013778431075883847, 0.22959986646093719),
(0.51699245934119886, 0.91860799343801147),
(0.68841208734254633, 0.67162939387504683),
(0.19348234916108728, 0.39980080807315238),
(0.78324705649344284, 0.13550210614858782),
(0.37136618841689406, 0.96037148380916582),
(0.08007844610715488, 0.5580596865205637),
(0.59777481789194553, 0.34619183694110367),
(0.88405771486547524, 0.87498664419778194),
(0.38161888819621925, 0.053167437422074484),
(0.57862753867406802, 0.52058720909753908),
(0.097150460544298128, 0.33468219521114734),
(0.91803990176279182, 0.011333185845708945),
(0.43696466612466733, 0.84074268827978493),
(0.31883639174568557, 0.17796663388488779),
(0.76348909506217166, 0.97274196853661754),
(0.22102345433708287, 0.63166513181448425),
(0.74564702827558216, 0.42913722524173853),
(0.27169200311737624, 0.62080022620482567),
(0.86794183746806508, 0.29073441079069695),
(0.66381879716083037, 0.76583743390998482),
(0.1647495484130149, 0.12455655729788948),
(0.97102129428071693, 0.71435664953239764),
(0.46239637830506275, 0.47691863987090999),
(0.045699810953651825, 0.87807177075377663),
(0.55153074828360316, 0.20974139658341245),
(0.67378994096412648, 0.69598029143432982),
(0.18671565643444094, 0.49428734357142595),
(0.84495333937442896, 0.20290153281530857),
(0.25353657703243282, 0.89652349387476016),
(0.43871379317629927, 0.096325207400909066),
(0.99920290631943864, 0.76498793410644339),
(0.54352327888467911, 0.3006705664101269),
(0.054721826925304119, 0.60412750995875109),
(0.23878009125482624, 0.82492838063214058),
(0.72555880869396538, 0.029111819403468683),
(0.33056145337913384, 0.31835291387172621),
(0.77571971490911151, 0.50158024846950289),
(0.92294458213431818, 0.42027656157353738),
(0.41133254920550394, 0.65381975837631634),
(0.12084495285209977, 0.16995697021327591),
(0.57381726458512128, 0.99560317552448863),
(0.21539172445421592, 0.036890554204390962),
(0.71113394780886618, 0.84991462658897166),
(0.81045017056305213, 0.36572994344303994),
(0.35453173884242611, 0.54446017765124344),
(0.062909733766613588, 0.95127464031117936),
(0.61358872277481535, 0.15002617595449935),
(0.40479534885366109, 0.38766623043341303),
(0.90119414093311823, 0.68446415051820464),
(0.95309170978698499, 0.092226068813652196),
(0.47252396883439651, 0.8098529474400431),
(0.015862092116544976, 0.27116691465230158),
(0.50848213633865447, 0.58478771282327091),
(0.14492382714679211, 0.74839867313567732),
(0.63186127229312627, 0.45772964817875461),
(0.83130327403340953, 0.92523470609530234),
(0.2932841576845257, 0.24927109009556836),
(0.0039530376973019848, 0.77701433990751778),
(0.52723116028264116, 0.11164128119498283),
(0.49117710528802772, 0.28620061637085625),
(0.96172516618668158, 0.61651380953142931),
(0.81267497976576697, 0.4733592321875234),
(0.31193653962641604, 0.70707452622924483),
(0.13290711706818745, 0.21477088676907694),
(0.6482818204358809, 0.88847017081499113),
(0.092403527736271182, 0.4315020578925487),
(0.60305382254216544, 0.63690364965792112),
(0.87779088969510399, 0.18535192553640359),
(0.3894179447803584, 0.98293888247322592),
(0.36676071199988153, 0.0031305689346901198),
(0.79167507039975149, 0.83018913872651245),
(0.20295144376768715, 0.5247347274716313),
(0.69772435250445142, 0.3431669864182727),
(0.59003646593842973, 0.39069302252573496),
(0.1022499946201277, 0.66121646801397649),
(0.42299130583266414, 0.12978429732276794),
(0.91336381645033393, 0.96255114920301066),
(0.73886920671570078, 0.54896190452958893),
(0.22788915797690279, 0.35511257970543569),
(0.32457273533755321, 0.85964535923443386),
(0.75059316312351154, 0.062175413501379),
(0.27887604320539527, 0.44151288812404871),
(0.86247551994048055, 0.73169585542367532),
(0.16369273125131037, 0.91210490667185917),
(0.66477156147383765, 0.21976477705658692),
(0.98073145101191794, 0.25419338742165964),
(0.4549597620120121, 0.56650464222438024),
(0.035221694125363176, 0.070262289044316195),
(0.55959558086403793, 0.79428227905495663),
(0.92262983945729382, 0.99300995298655126),
(0.41109048226615252, 0.1690439399398381),
(0.5728429097254264, 0.41848826515568438),
(0.12004122392009817, 0.65507401665070097),
(0.77716494024678473, 0.030533136309738636),
(0.33158949114835135, 0.8268450561811086),
(0.24015611011548191, 0.31905560901660984),
(0.72575457366831297, 0.50198579370938623),
(0.056193551006746251, 0.094941264201585898),
(0.54425785875320742, 0.76357135350044714),
(0.99840873967969546, 0.2981235199210226),
(0.43829419816545256, 0.60159055610114542),
(0.25253708318359491, 0.49344829314638694),
(0.84449872756927713, 0.69832005149846366),
(0.67220340505966825, 0.20084446473685089),
(0.18615270060695993, 0.89489954977598862),
(0.9513417115855296, 0.58302335648021197),
(0.47163359314219488, 0.27328767967413659),
(0.017551485889908253, 0.81071623841061813),
(0.50965026304234617, 0.090628471121964482),
(0.29440021856330872, 0.74657092640280021),
(0.83018587694087431, 0.45979773355238229),
(0.14637733077265266, 0.2463837978241149),
(0.63098113035956405, 0.92355635665705926),
(0.064036790139095023, 0.3890130193960763),
(0.61517889173341456, 0.68595961606130684),
(0.40531737008981322, 0.9499681558409524),
(0.90229859957783742, 0.15113519462273048),
(0.71249858665346633, 0.3643180074545227),
(0.21603665106333655, 0.54625550976708803),
(0.80860748506617397, 0.84778825063276042),
(0.35378685317677139, 0.038722657417101007),
(0.86220168902788774, 0.22103284017044272),
(0.27743119737344224, 0.91368321620698389),
(0.16287201031889351, 0.444347633676766),
(0.66564680139089472, 0.7325803100782452),
(0.45334978818701882, 0.067788621850013303),
(0.98235633542700296, 0.79533261757217255),
(0.559472614556217, 0.25614195126509814),
(0.036875944033966587, 0.57006511075047295),
(0.42244484198037713, 0.66308038608530984),
(0.91232511282307227, 0.39446187557617646),
(0.59088806112776882, 0.96384728103100326),
(0.10300838923285222, 0.1313242266185351),
(0.73951450042791778, 0.060338762060623934),
(0.22687054025650991, 0.86145535647553406),
(0.32575465542965243, 0.35251427788352557),
(0.75183444234729246, 0.5474029572490765),
(0.2020701120120541, 0.0014877721966772353),
(0.69827089735140391, 0.82936255004672066),
(0.79234600679965739, 0.33990132000700685),
(0.36593231518513053, 0.52613159637365003),
(0.60249058271290246, 0.18589440446038674),
(0.093245631038451349, 0.98111424790959723),
(0.38975651446065185, 0.43333508367807588),
(0.87856641175201544, 0.64014537817319328),
(0.31061321552063731, 0.21230677825177888),
(0.81428279099709289, 0.89031751855002084),
(0.64668863624218043, 0.4758019824298455),
(0.13409961221424499, 0.70934685375462359),
(0.0050016328565963717, 0.28855022139950148),
(0.52583736482494614, 0.61444832720668185),
(0.96238541163302793, 0.11104711536926441),
(0.49175140802796713, 0.77349373439588143),
(0.93165064292846134, 0.040794466247338422),
(0.41845987516955502, 0.85722600584207265),
(0.56511024085858952, 0.5381112612535448),
(0.1147142815701388, 0.37255780305624198),
(0.76907367010538985, 0.94167123617789705),
(0.34057160442699841, 0.14552930744845405),
(0.73107676747200911, 0.37749099366788125),
(0.24770330771201673, 0.6733475665594848),
(0.17896439555159019, 0.07872019720458627),
(0.68372302993546663, 0.79949075767290201),
(0.26361431446525169, 0.59034299307578919),
(0.85498451835171452, 0.27469491254180184),
(0.99038950758158351, 0.74207113200322428),
(0.4475207196703696, 0.46304952762080959),
(0.05101303529497838, 0.93160071010331669),
(0.53418537459539861, 0.24176836485833153),
(0.50054817896510961, 0.90225496690574458),
(0.030460091767453356, 0.19468312735259083),
(0.93830599959077199, 0.48623165394290591),
(0.48421935753602374, 0.69246170491843795),
(0.84358949347019208, 0.59619966011053238),
(0.28187837511303365, 0.31143474884224293),
(0.63936502216783231, 0.10496700203470624),
(0.15168054608533962, 0.75049528478083349),
(0.07088320927589388, 0.51185197183538056),
(0.61808924548901634, 0.32795982119136807),
(0.89146616175913374, 0.81851338844195376),
(0.39729789331953458, 0.018970485099388756),
(0.34958847179251568, 0.98537295212000053),
(0.79922533132462004, 0.16361990364694301),
(0.20576487959446615, 0.40996585578957323),
(0.70791554476032603, 0.641693638294073),
(0.081351716859384929, 0.052555729872732652),
(0.59908014956980704, 0.8730345038146079),
(0.38243307104254259, 0.55636965134975069),
(0.88365245010464932, 0.3445833615760529),
(0.68937945364018494, 0.13397012297665789),
(0.19506116411649366, 0.95807210803819709),
(0.37259717854757379, 0.40040095343363125),
(0.78477545723069375, 0.66876541934345091),
(0.82665346788096794, 0.078109773142780808),
(0.2971444680910717, 0.78241562231190132),
(0.6514517179604381, 0.57808218537148204),
(0.12593879795013746, 0.26534849153438278),
(0.49603074518890694, 0.22790738149044854),
(0.95512693976885432, 0.92115938212756387),
(0.51651828940575473, 0.4481396582458011),
(0.015238609391980606, 0.72395416916722843),
(0.16552897354790913, 0.61835356041749412),
(0.6628644787835285, 0.29171733257128041),
(0.27249605015009781, 0.12303523090239517),
(0.86870004749541097, 0.76937113962373793),
(0.55235503491442006, 0.71259676908530578),
(0.046233983408699296, 0.47862808596350903),
(0.46103698463234349, 0.87653058666619954),
(0.97197921151053068, 0.20848286029345045),
(0.43558145288100042, 0.33240122771072733),
(0.91937045545986873, 0.52280768796632204),
(0.57977275362376446, 0.0091420572859384538),
(0.096288670313040878, 0.84181439803671776),
(0.76219844945769066, 0.42772609911130044),
(0.31967010854423794, 0.63036596681599733),
(0.74426057143651803, 0.97586763862658232),
(0.22174239502395512, 0.17619580648508909),
(0.64170129608443205, 0.85229655199931809),
(0.13836286134400932, 0.04641739722304513),
(0.30715189198780024, 0.53491940603643728),
(0.81838123271789531, 0.36937355929598797),
(0.53100364161597202, 0.14100330489618593),
(0.000901839380399154, 0.9378863272523924),
(0.48530284775636789, 0.38009297749544418),
(0.96701849931733042, 0.67646301908197359),
(0.87902998475408867, 0.084413312302343002),
(0.38397050143818418, 0.80142412297516485),
(0.086899159613886598, 0.27743491614162141),
(0.60927696409685106, 0.58972051136510417),
(0.19833209947890262, 0.73447465584672889),
(0.70186482960496421, 0.46622127717192763),
(0.79651756872761004, 0.93377304885221601),
(0.36282658223250208, 0.235395807261779),
(0.58617954341684364, 0.30666208367353193),
(0.10612224039506599, 0.59825275048475657),
(0.90848122879892468, 0.7566179598471019),
(0.42579569824806746, 0.10729032243848466),
(0.23125978511690945, 0.48914054234966592),
(0.73734546532135847, 0.68934512842197648),
(0.75571843971124242, 0.18772672268328411),
(0.32385182624195219, 0.90243045739376526),
(0.15633723509703584, 0.81580011793619012),
(0.67064959818148195, 0.020153123659506268),
(0.86709835022871806, 0.50859995234667787),
(0.27407349191966268, 0.32313696034159406),
(0.55468901385878633, 0.99214702696587953),
(0.031981550520384282, 0.15950878615688152),
(0.97978746694970509, 0.41223611125577753),
(0.45823793935641405, 0.64677137260452766),
(0.54171577167361795, 0.40566981717607387),
(0.060410233709977064, 0.666886273121996),
(0.44232813980742908, 0.13896221102465939),
(0.99344692057127071, 0.95340299654394745),
(0.84898775946929084, 0.049946708138187891),
(0.25526803352377037, 0.86830431227671001),
(0.67774135495778465, 0.56222150763935386),
(0.18333676149256209, 0.34998031283018699),
(0.40876077565026891, 0.57376430028555858),
(0.92914531321806204, 0.25920083513202352),
(0.12111945649292902, 0.071565764933541637),
(0.57598181112319924, 0.78564156743515501),
(0.23752469574058099, 0.91526434560835679),
(0.72156869818964198, 0.23127442719146687),
(0.78023040925160592, 0.72123357588007886),
(0.33287245392814235, 0.44943038949246616),
(0.80756520112487518, 0.48277179510571655),
(0.35868792156041768, 0.71868313796945427),
(0.71519999211694651, 0.88150638353190347),
(0.2117268099777572, 0.20604996405981685),
(0.61013399101560806, 0.12088625614484248),
(0.067261797494408623, 0.77224832137192279),
(0.40100002512769528, 0.29592982294771458),
(0.90586254330108829, 0.62377112075032115),
(0.022050542902101244, 0.42409204793781968),
(0.51291631351070122, 0.62852655647620514),
(0.94908593817475118, 0.17394379083971864),
(0.47326210059806995, 0.9720902481448026),
(0.83355786681064981, 0.83653029054545447),
(0.29189627008970376, 0.013981318583084303),
(0.6257437715149381, 0.32882658580169571),
(0.14116886563040318, 0.51920895398568445),
(0.25835926527051362, 0.1821659264062018),
(0.85869957026534605, 0.98031877628752051),
(0.68011971972999119, 0.43437310483977987),
(0.17317592050212055, 0.63396114319321328),
(0.98630118216115448, 0.0072318535672091719),
(0.45260608576239614, 0.83366906570685428),
(0.53796610851767246, 0.52863053229727852),
(0.048588366103340233, 0.33652168974460123),
(0.72802189027252018, 0.77965026757040556),
(0.24280182112091897, 0.11561681504843889),
(0.77065737325171002, 0.28286619419396797),
(0.33807959425124151, 0.61064401807800794),
(0.93459803189352486, 0.705265350356303),
(0.41536756823149029, 0.47182453444892053),
(0.5688719573753418, 0.21669807213151682),
(0.1096395404873715, 0.88554925447929689),
(0.28718274390192472, 0.96749246030095171),
(0.83681411116787408, 0.12792054929533903),
(0.15264199752160215, 0.39739820521895064),
(0.63312883822110155, 0.65789876714134976),
(0.50522213160249385, 0.35873219600173728),
(0.025300011268123684, 0.55203942891266022),
(0.9449456629997296, 0.86604934893925845),
(0.47887070605178667, 0.055627987393748475),
(0.077128429670112561, 0.22575472532861046),
(0.62185586363041667, 0.90757925510734871),
(0.89522188227639843, 0.43760502891101438),
(0.39161837231975433, 0.72872421106618657),
(0.80254411606297993, 0.56592594194108248),
(0.34443445039460702, 0.25324275704482929),
(0.70348857550771615, 0.064557646067246913),
(0.20818291774766437, 0.79140996632403271),
(0.58286678728782459, 0.74380915336610764),
(0.10032764391598564, 0.45338304505512711),
(0.43136389015147519, 0.92675450977827811),
(0.9146089782633986, 0.24365047462431252),
(0.22493495288371235, 0.57890878476144214),
(0.7490434632159727, 0.26691743259266704),
(0.76081479059369062, 0.80519233226540055),
(0.31617062178980898, 0.086644720648775014),
(0.87132758518602926, 0.38345899736108607),
(0.2684306152358612, 0.6798410874005113),
(0.16802465962239854, 0.15538141290690238),
(0.65954454630032977, 0.94620431685035145),
(0.46599483670498648, 0.36057880000321813),
(0.9735790799450692, 0.54209685214766101),
(0.039130569327272061, 0.84577499554769942),
(0.54974128640896913, 0.03187015037628297),
(0.082154702996821621, 0.70126858841259421),
(0.59752247959851146, 0.49959266243966394),
(0.3765327093663679, 0.19772460806007244),
(0.88803079746639568, 0.89127104781308786),
(0.19003886481551605, 0.3014374306613592),
(0.69434432276179991, 0.60561746303473407),
(0.36767572702174739, 0.76066694908589194),
(0.78837989688309085, 0.097743705671039433),
(0.65546749308318242, 0.1660272571867131),
(0.13113402675641542, 0.99812635143464956),
(0.82132220759265173, 0.65006367682402744),
(0.30134596731898927, 0.41616390385388541),
(0.0095003378372925436, 0.027009274968942065),
(0.52288946170617356, 0.82327024603036825),
(0.95980597314910565, 0.31570165460732186),
(0.49715767395145039, 0.50511771721526855),
(0.89958965122085977, 0.9524098915516328),
(0.40266154985929231, 0.14936093337227277),
(0.61710504643710218, 0.38833380670424456),
(0.065347969006909104, 0.68473220875831742),
(0.8119947175370803, 0.035685345195007385),
(0.35309527137772062, 0.85140126333626487),
(0.21779660517777263, 0.36671640456334081),
(0.71349184011442845, 0.54297252864752077),
(0.017598409430692401, 0.093651743397662413),
(0.5113969609108453, 0.80921117758698047),
(0.95048136285491869, 0.26961387258620395),
(0.470426830353257, 0.58546172924658013),
(0.29576830980232494, 0.4586554500434335),
(0.82873756409237875, 0.74953255644994987),
(0.62964471126725108, 0.24840640484012988),
(0.14792741493662881, 0.92411661682323898),
(0.99719143290906498, 0.60494525745973515),
(0.43993733512525751, 0.29903478910623088),
(0.05739356595624772, 0.76395698248510679),
(0.54628884625413832, 0.096812954381668537),
(0.25104270960557701, 0.69634838029775903),
(0.84682692109770452, 0.49518811208364649),
(0.18426705697863596, 0.20169071852582993),
(0.67483606665120643, 0.89769917333912586),
(0.11766785670300267, 0.42103044455646521),
(0.57074815845086757, 0.65288369253971135),
(0.41352758435686904, 0.99473058580205964),
(0.92475237930983112, 0.17156224684949464),
(0.72335886943810956, 0.31685888385029887),
(0.2404166487062139, 0.50050229584973183),
(0.77502360681113858, 0.82585504050840608),
(0.32963826920610129, 0.027685304872577848),
(0.81475912070914758, 0.21343620733902458),
(0.3097052210733367, 0.88695602697996478),
(0.13670030660680171, 0.47422895799471604),
(0.64484274507768258, 0.70837300421080507),
(0.48857277785229697, 0.11247969874986465),
(0.96478659200174766, 0.77551736805297333),
(0.52462467504768828, 0.28535902733569357),
(0.006845673515819304, 0.61566139747679749),
(0.38783270735020353, 0.63773418183674901),
(0.87552420040463663, 0.43053206062208832),
(0.60529139076463678, 0.98361788173391251),
(0.091352720120589773, 0.18409901994331423),
(0.69573227456117015, 0.0024222392081397191),
(0.20099218573782973, 0.8314524815686416),
(0.36507919792459037, 0.34207933523669115),
(0.78985996111237122, 0.52345794816535507),
(0.22893352196870118, 0.061086013550058868),
(0.74195548856226923, 0.861327286076079),
(0.75287828691917957, 0.35354833359468185),
(0.32778640445034224, 0.55034507376990249),
(0.59357445749067927, 0.13067850142699644),
(0.10361734434887572, 0.96144404978621167),
(0.42392075037136889, 0.39240724491359114),
(0.91159041507554284, 0.66094442151765298),
(0.28052610593224231, 0.21967289919719651),
(0.85980835870502104, 0.91101196773272852),
(0.66636706791288036, 0.4428110244991903),
(0.16105052736754177, 0.73069084880632618),
(0.037671833246979876, 0.2549145899261463),
(0.56056975835226208, 0.56827551586681735),
(0.98288318065571245, 0.068906857882771413),
(0.45571694309097238, 0.79386494484983672),
(0.89260947091794651, 0.017565954730975254),
(0.3951642044174723, 0.81681343788361882),
(0.61972177458359756, 0.51456975678719319),
(0.07382411639857453, 0.32486673248912845),
(0.79734508664906378, 0.9881893511851384),
(0.35038521923528426, 0.16039352278407099),
(0.70936201730276005, 0.40792304630172027),
(0.20317524054596639, 0.64350640479745669),
(0.15030188892625493, 0.10298959273211156),
(0.63678707101399856, 0.75347466859520407),
(0.28473685914572633, 0.59500449003157307),
(0.84163963250125473, 0.309783222837276),
(0.94050263083872854, 0.69471740677878835),
(0.48101318690849088, 0.48822197532814471),
(0.029200729802999131, 0.90027620572543865),
(0.50248051249509085, 0.19198652141162287),
(0.53219844582803055, 0.93196767407693037),
(0.053478198456285563, 0.23840309084974889),
(0.98964549408871183, 0.46097236999411512),
(0.44538865852962883, 0.73977551007216724),
(0.8525839571219086, 0.59233355522802322),
(0.26391637535259099, 0.27573742247988842),
(0.68621291207109214, 0.081739976381088833),
(0.17723336805077608, 0.79855190224130146),
(0.11697509877695259, 0.53646862735276979),
(0.56306745138923531, 0.37342314819743994),
(0.93060910679600284, 0.85784923055527629),
(0.42178024426529148, 0.041059435718289357),
(0.34203231057064126, 0.94425266830116605),
(0.7659013373107022, 0.1466274760198345),
(0.24825356903367526, 0.37582179894682971),
(0.73351729069070537, 0.67389975802780144),
(0.094205566649506203, 0.010122736552223106),
(0.58093975953607313, 0.84134939834586986),
(0.43494866791944597, 0.51972524244652873),
(0.92108564914739588, 0.33580385306709337),
(0.74388979813165168, 0.17963606748737537),
(0.21986322968223079, 0.97421973945920082),
(0.31711647233804025, 0.42780198670019509),
(0.76378315578778744, 0.63191775806750305),
(0.87066199489775764, 0.12319444011011986),
(0.2704913571524396, 0.76756375788435927),
(0.66107815079236787, 0.61947377499917877),
(0.16606607001565069, 0.28948319989801063),
(0.46450594798593353, 0.21038301589327529),
(0.96989606904866044, 0.87698798003507183),
(0.5546245817966966, 0.47849332316624837),
(0.04316496862203769, 0.71295276479355219),
(0.12735183135298744, 0.5755160436494926),
(0.65037789401301582, 0.26261456350609852),
(0.29998121648167342, 0.075230822976578904),
(0.82503957831292896, 0.784131602681572),
(0.51948187885504471, 0.72548025862324372),
(0.012649951609661288, 0.44697675479312332),
(0.49267661292255555, 0.9190260585236385),
(0.95350319972385955, 0.22945192911726842),
(0.379986213123293, 0.3469320773608881),
(0.88518283463206904, 0.55726680021132213),
(0.60054401421504933, 0.05448184425282835),
(0.078717657692665019, 0.87305848935366137),
(0.78286007596415819, 0.39907572469135782),
(0.37320297718472356, 0.67028149798206416),
(0.69140036265933924, 0.95986368041521586),
(0.19215085184812572, 0.1360722937861174),
(0.66914372880655548, 0.81386476697590049),
(0.15999224850766897, 0.021758232303022134),
(0.27598344605796443, 0.51114165351721974),
(0.86489290959739618, 0.32086516799593773),
(0.55691919376871535, 0.15698768663788853),
(0.033899784143118894, 0.98912420611861407),
(0.46037770821101565, 0.41063608888669123),
(0.97806216799529899, 0.64511818493840434),
(0.906940058931612, 0.10867256049224676),
(0.42813543749052085, 0.75443258143259206),
(0.10764390362089961, 0.30639920789884406),
(0.58851528082011628, 0.60009154166364842),
(0.23407959363642206, 0.68994543009203801),
(0.73490183228590267, 0.49115864702751039),
(0.75655666435783853, 0.90495904268801641),
(0.32046522163724744, 0.18983346563469863),
(0.60668602288412421, 0.28079742225021076),
(0.08790186055572545, 0.58681061328032047),
(0.88167373780526037, 0.80412623433740016),
(0.38510841811040281, 0.083275912352129347),
(0.19677340943418797, 0.46765997955744587),
(0.69966530716407971, 0.73701273916026422),
(0.79456184669215923, 0.23816743951544878),
(0.35950791845274416, 0.93745127299643782),
(0.14045450439111809, 0.85476418420696232),
(0.64340973913720767, 0.043182194589786123),
(0.8164912607615562, 0.53284542580891281),
(0.30620204794568429, 0.36789651347399094),
(0.52793850318694346, 0.93947644209602132),
(0.0028999444782546522, 0.14443300587691554),
(0.96594820055502328, 0.38108292123974979),
(0.48706995509714901, 0.6779597599128262),
(0.51482985268332226, 0.42356760114158942),
(0.020502780844446802, 0.62605376315443473),
(0.4763060831375992, 0.1721390240736502),
(0.94574511186213617, 0.9696867337687346),
(0.83483325668477126, 0.012874975162580349),
(0.2898336046128932, 0.83900436656203936),
(0.62713568094298666, 0.5170690914163093),
(0.1432668298599005, 0.33172265290418529),
(0.39889225963776426, 0.62171409333714733),
(0.90382851433528422, 0.29399822218023158),
(0.070288524683405809, 0.11864473018153894),
(0.61180711870208415, 0.77043587004221703),
(0.21456413550747463, 0.8799711909596114),
(0.71860408760276395, 0.20316262178571362),
(0.80471288639031546, 0.71566110288290963),
(0.35648095183770262, 0.48085997024756399),
(0.77826829560340971, 0.45229530915600269),
(0.33508861029079279, 0.72005217563240398),
(0.71956815781849004, 0.91757208495542852),
(0.23491898903292063, 0.23388723701560099),
(0.57681063591481951, 0.072951992447561176),
(0.1238814651030733, 0.78720980093729875),
(0.40786668965589129, 0.2615751144193717),
(0.92598537128723479, 0.57157671075365357),
(0.061977465921354613, 0.40399242374577449),
(0.54049618175807235, 0.665145795172701),
(0.99473785511552992, 0.13742540799659564),
(0.44509821902434643, 0.95655414639041758),
(0.84997453731136974, 0.87104559315898467),
(0.2573341294940526, 0.047361056292347076),
(0.67762450059503698, 0.3487653084777021),
(0.18066286955682154, 0.5600838255818803),
(0.28537181209555385, 0.12590299855536469),
(0.83849139224867075, 0.96518630735878497),
(0.63622768743581881, 0.39521765239325157),
(0.15463206991681377, 0.65991664606055012),
(0.94213416576030196, 0.057230004059748367),
(0.47745154577047988, 0.86384704398017231),
(0.50706399122708845, 0.55396756178202311),
(0.027080412770042889, 0.35673115726602045),
(0.70540967773733609, 0.78976246574435249),
(0.21065958688195241, 0.062758292892531875),
(0.80312637374622331, 0.25013928130173957),
(0.34715355374945656, 0.56256801545537793),
(0.89708933125858004, 0.7268686789840626),
(0.39340480939334538, 0.44107880950238221),
(0.62319624186288114, 0.22432594857607432),
(0.074667717797316041, 0.90823263676489474),
(0.26150776074442539, 0.9782830176115701),
(0.85656661514512078, 0.18110609946226527),
(0.17450255625274122, 0.43718796431865631),
(0.68266650577030852, 0.63595243003747248),
(0.53576175923054703, 0.3395377473750133),
(0.050066247178155075, 0.53050542173798032),
(0.98726072113221375, 0.83506574071269768),
(0.45024627358974395, 0.0041708976812166844),
(0.11204724720613575, 0.21833688791366873),
(0.5669677578122102, 0.88460246251803187),
(0.93700120059654091, 0.4706832986392111),
(0.41777034344913155, 0.70382673597955536),
(0.77247368490974966, 0.61322710482226617),
(0.33737196740256353, 0.28458989941821178),
(0.72933047147091223, 0.11450968103734918),
(0.24606682345833258, 0.778123369587152),
(0.59378279262194911, 0.6999796542897827),
(0.084669834922590531, 0.49640322556505351),
(0.37793822054993198, 0.89438274344751345),
(0.88891492302031683, 0.19550966960111824),
(0.18754598753871041, 0.60761833701805867),
(0.69172023048243458, 0.30281108342617546),
(0.78588258041015568, 0.75938340453847974),
(0.36919999497065592, 0.10148794671589509),
(0.82386176330425631, 0.4158173710643126),
(0.30276725824500028, 0.65157782832504108),
(0.13064495027512402, 0.16413477739626625),
(0.65323862547596423, 0.99755497553416872),
(0.49890095277960544, 0.31275751330766455),
(0.95815237188073799, 0.50746098821663443),
(0.010319485380969672, 0.82162067331533906),
(0.52015235086202216, 0.024267254530699067),
(0.098138379598977865, 0.74418232811945584),
(0.58577672960429261, 0.45574700565592546),
(0.43347145215065602, 0.24510561519303076),
(0.91751617428601995, 0.92931323005434041),
(0.22436146893347292, 0.26844270137366799),
(0.74698321238856935, 0.58038354803707548),
(0.31404282557335544, 0.80773077264135984),
(0.75811445818911838, 0.088335655216067122),
(0.65649756405315651, 0.15296370627140188),
(0.17158765484761829, 0.94820146988130916),
(0.87334124341302921, 0.68250630459408856),
(0.26682388548013852, 0.38526583673380588),
(0.042279426010193751, 0.034425889746472114),
(0.54757929918928194, 0.84408645768455637),
(0.97521605894152297, 0.36315410152057026),
(0.46756304537833915, 0.54090934544738234),
